ABCC8	29.3117857142857	10.8379997670405	28.8117857142857	29.8117857142857
ACAD10	174.440416666667	9.14234600064145	173.940416666667	174.940416666667
ACOD1	206.4875	16.4818632609675	205.9875	206.9875
ACOT1	20	0	19.5	20.5
ACOT11	20.61	0	20.11	21.11
ACOX1	279.791875	8.7717885244346	279.291875	280.291875
ACTB	25987.285	29.7039128991678	25986.785	25987.785
ADAM19	180.907291666667	61.6917517702305	180.407291666667	181.407291666667
ADAM8	652.062321428571	13.0292029516392	651.562321428571	652.562321428571
ADAMTS1	190.11375	5.32550637204947	189.61375	190.61375
ADAMTS12	42.765	6.85667557219626	42.265	43.265
ADAMTS14	25.245	64.8384427609408	24.745	25.745
ADAMTS17	48.2628333333333	6.28664761999396	47.7628333333333	48.7628333333333
ADAMTS2	20	0	19.5	20.5
ADAMTS3	20	0	19.5	20.5
ADAMTS4	57.8275	20.2542857699459	57.3275	58.3275
ADAMTS9	20	0	19.5	20.5
ADAMTS9-AS2	20	0	19.5	20.5
ADCYAP1R1	20	0	19.5	20.5
ADGRE1	22.22	1.19193542635005e+15	21.72	22.72
ADGRE5	2417.42910714286	21.3761673610544	2416.92910714286	2417.92910714286
ADORA2A	59.1958928571429	4.982052923306	58.6958928571429	59.6958928571429
ADORA3	48.2215	20.8666000447366	47.7215	48.7215
AIF1	321.157166666667	6.41939720210917	320.657166666667	321.657166666667
AKAP13	1082.586	9.59397578958068	1082.086	1083.086
ALCAM	198.402708333333	9.39818338523951	197.902708333333	198.902708333333
ALOX15	25.5	14.1904148905698	25	26
ALOX5	118.208541666667	15.583285407695	117.708541666667	118.708541666667
ANGPT1	53.5672222222222	7.56176928059634	53.0672222222222	54.0672222222222
ANGPT2	20	0	19.5	20.5
ANOS1	20	0	19.5	20.5
ANXA1	5475.92270833333	5.15177839604626	5475.42270833333	5476.42270833333
ANXA4	263.953333333333	13.9548457534822	263.453333333333	264.453333333333
AOAH	4091.175	5.86496599190079	4090.675	4091.675
APOE	20.34	0	19.84	20.84
AREG	43.1	12.575566261575	42.6	43.6
ARF6	3828.19633333333	10.4979722180862	3827.69633333333	3828.69633333333
ARG1	20	0	19.5	20.5
ARHGEF28	60.4585	8.08956593095096	59.9585	60.9585
ARHGEF6	906.936	13.1356781081545	906.436	907.436
ATF3	853.747777777778	5.42588861005876	853.247777777778	854.247777777778
B4GALT4	175.883214285714	5.60945809922788	175.383214285714	176.383214285714
BATF	211.538125	6.30221586573459	211.038125	212.038125
BATF3	220.761964285714	5.90961577454207	220.261964285714	221.261964285714
BCL10	696.445178571429	10.4978627366087	695.945178571429	696.945178571429
BCL2	952.1035	6.76583308845527	951.6035	952.6035
BCL6	275.198	6.93769020538159	274.698	275.698
BID	663.904464285714	8.01208678868657	663.404464285714	664.404464285714
BIRC2	1075.5375	9.02603171960694	1075.0375	1076.0375
BIRC3	5617.81638888889	3.2385117796243	5617.31638888889	5618.31638888889
BIRC5	198.321666666667	10.4564034908453	197.821666666667	198.821666666667
BMP8A	28.1044444444444	7.94322306191509	27.6044444444444	28.6044444444444
BTG2	1145.10982142857	6.97304111531073	1144.60982142857	1145.60982142857
BTK	28.455	5.9685740945557	27.955	28.955
BTLA	70.6144444444444	7.32513449460094	70.1144444444444	71.1144444444444
C1QA	20	0	19.5	20.5
C1QB	50.9419642857143	11.4600647169291	50.4419642857143	51.4419642857143
C1QC	28.2745	15.5290651743169	27.7745	28.7745
C3	66.1910416666667	8.73809663935338	65.6910416666667	66.6910416666667
C3AR1	165.781607142857	4.17989236422525	165.281607142857	166.281607142857
C4A	25.694	6.27595806720154	25.194	26.194
C5	20.34	0	19.84	20.84
C5AR1	64.5605555555556	11.7374313360117	64.0605555555556	65.0605555555556
CALR	7463.695	14.9896826665487	7463.195	7464.195
CAMP	20	0	19.5	20.5
CASP10	559.8505	6.92702244860926	559.3505	560.3505
CASP5	20	0	19.5	20.5
CASP7	239.228125	7.03834574647756	238.728125	239.728125
CAV1	20	0	19.5	20.5
CBR1	156.043611111111	7.90965348144388	155.543611111111	156.543611111111
CCL1	1210.50517857143	69.6335553609894	1210.00517857143	1211.00517857143
CCL11	24.7116666666667	6.9998285061815	24.2116666666667	25.2116666666667
CCL13	26.1135	28.2889067224427	25.6135	26.6135
CCL17	25.8922222222222	15.7641787462432	25.3922222222222	26.3922222222222
CCL18	44.3039583333333	26.1749597101119	43.8039583333333	44.8039583333333
CCL19	206.552083333333	36.1643128592133	206.052083333333	207.052083333333
CCL2	1511.583125	12.7851194181235	1511.083125	1512.083125
CCL20	160.092833333333	7.52376869871984	159.592833333333	160.592833333333
CCL22	1136.17388888889	11.0444257607582	1135.67388888889	1136.67388888889
CCL24	252.352291666667	7.48926207318641	251.852291666667	252.852291666667
CCL28	256.826666666667	13.511919122894	256.326666666667	257.326666666667
CCL3	5784.06333333333	7.4628268749137	5783.56333333333	5784.56333333333
CCL4	19715.7691666667	6.39216637570052	19715.2691666667	19716.2691666667
CCL5	13907.0495833333	8.88733397260164	13906.5495833333	13907.5495833333
CCL7	51.7769642857143	7.98347799039175	51.2769642857143	52.2769642857143
CCL8	252.066388888889	6.89437442650865	251.566388888889	252.566388888889
CCNB2	171.959166666667	8.30075843470649	171.459166666667	172.459166666667
CCR1	527.4275	8.70973651795549	526.9275	527.9275
CCR2	104.93125	10.4080061042064	104.43125	105.43125
CCR3	20	0	19.5	20.5
CCR5	698.506	4.26800309331865	698.006	699.006
CCR6	103.32125	14.7895824303342	102.82125	103.82125
CCR7	299.489285714286	10.8527915867486	298.989285714286	299.989285714286
CCR8	20	0	19.5	20.5
CCRL2	59.9875	15.7423695640473	59.4875	60.4875
CD151	42.6148214285714	3.83931837159107	42.1148214285714	43.1148214285714
CD180	65.3267857142857	9.13254732608844	64.8267857142857	65.8267857142857
CD1A	41.835	10.045707949883	41.335	42.335
CD1B	28.5405	14.1219263278808	28.0405	29.0405
CD1C	48.7744444444444	33.9366131776729	48.2744444444444	49.2744444444444
CD1E	47.5895	17.0809289695394	47.0895	48.0895
CD209	24.625	11.9005548542115	24.125	25.125
CD244	198.453333333333	7.82236753515912	197.953333333333	198.953333333333
CD247	2011	3.37885701639814	2010.5	2011.5
CD27	103.010833333333	7.29585817997567	102.510833333333	103.510833333333
CD274	246.700625	17.2012832191814	246.200625	247.200625
CD276	52.9194444444444	22.623551689487	52.4194444444444	53.4194444444444
CD28	221.777291666667	9.91542666027733	221.277291666667	222.277291666667
CD34	20	0	19.5	20.5
CD38	931.021875	10.011217463426	930.521875	931.521875
CD40	130.078214285714	7.16271013562939	129.578214285714	130.578214285714
CD40LG	230.696388888889	9.8513810346988	230.196388888889	231.196388888889
CD44	4440.28016666667	17.5729830268377	4439.78016666667	4440.78016666667
CD69	4227.306	5.38393691570415	4226.806	4227.806
CD70	109.984333333333	6.30788617473434	109.484333333333	110.484333333333
CD74	3666.35611111111	4.29171885268326	3665.85611111111	3666.85611111111
CD80	215.420416666667	10.8512644008523	214.920416666667	215.920416666667
CD83	1549.50553571429	5.86296251171156	1549.00553571429	1550.00553571429
CD84	215.140833333333	11.4010300137167	214.640833333333	215.640833333333
CD86	102.723333333333	5.93568062110864	102.223333333333	103.223333333333
CD99	930.103	5.76399052913474	929.603	930.603
CDC20	88.1502083333333	11.789283773454	87.6502083333333	88.6502083333333
CDH1	22.594	152.697025273338	22.094	23.094
CDH11	20	0	19.5	20.5
CDH13	25.809	47.4028016463626	25.309	26.309
CDH2	33.6930555555556	9.41658403586638	33.1930555555556	34.1930555555556
CDH4	28.6675	5.87196599847999	28.1675	29.1675
CDH5	20	0	19.5	20.5
CDKN1A	414.023333333333	5.97241271434717	413.523333333333	414.523333333333
CEACAM1	33.947	2567.77789802679	33.447	34.447
CEACAM8	20	0	19.5	20.5
CEBPA	124.278928571429	6.43361582389812	123.778928571429	124.778928571429
CEBPB	928.154166666667	16.7547381215632	927.654166666667	928.654166666667
CEBPD	3246.14	5.4742224895564	3245.64	3246.64
CEBPG	881.352857142857	3.35844567870034	880.852857142857	881.852857142857
CETP	31.685625	12.9001379738262	31.185625	32.185625
CLC	55.576	16.0769162066249	55.076	56.076
CLDN1	20	0	19.5	20.5
CLEC1B	20	0	19.5	20.5
CLEC5A	443.8015	12.9224853734877	443.3015	444.3015
CLEC7A	94.96875	8.17194258541339	94.46875	95.46875
CLEC9A	21.435	103.38587053968	20.935	21.935
CLIC4	357.5965	3.63279960356827	357.0965	358.0965
CMA1	26.9785	35.9882410928485	26.4785	27.4785
CNKSR1	65.3545	32.9409578895721	64.8545	65.8545
CNN2	1323.67339285714	8.38508168936401	1323.17339285714	1324.17339285714
COL10A1	22.525	0	22.025	23.025
COL11A1	51.3595	6.734229118273	50.8595	51.8595
COL12A1	22.525	0	22.025	23.025
COL14A1	32.016	20.6176737268693	31.516	32.516
COL15A1	24.4658333333333	22.9174186589624	23.9658333333333	24.9658333333333
COL17A1	20	0	19.5	20.5
COL1A2	20	0	19.5	20.5
COL3A1	54.6025	9.04824227902972	54.1025	55.1025
COL4A1	28.6145833333333	15.9158021971116	28.1145833333333	29.1145833333333
COL4A2	46.931	52.3378200638819	46.431	47.431
CPA3	20	0	19.5	20.5
CRABP2	90.0705	8.31667859911343	89.5705	90.5705
CREM	1038.13783333333	8.55604729189573	1037.63783333333	1038.63783333333
CRIP1	1817.37866666667	6.79791313516161	1816.87866666667	1817.87866666667
CSF1	218.894833333333	9.75810393276587	218.394833333333	219.394833333333
CSF1R	29.265	5.12524628269658e+15	28.765	29.765
CSF2	1804.80875	7.45419062366757	1804.30875	1805.30875
CSF2RA	282.948541666667	10.0673723991936	282.448541666667	283.448541666667
CSF3	20	0	19.5	20.5
CSF3R	30.2852777777778	98.3468118522635	29.7852777777778	30.7852777777778
CTGF	20	0	19.5	20.5
CTLA4	49.9138888888889	4.55640561359439	49.4138888888889	50.4138888888889
CTNNB1	2471.81625	9.9431886945094	2471.31625	2472.31625
CTSG	20	0	19.5	20.5
CTSL	509.628125	3.60565529973278	509.128125	510.128125
CTSS	3158.00589285714	5.74419048476874	3157.50589285714	3158.50589285714
CTTNBP2	60.5255	8.55157029385627	60.0255	61.0255
CX3CL1	20	0	19.5	20.5
CX3CR1	1281.48767857143	8.10885835904854	1280.98767857143	1281.98767857143
CXCL1	702.753958333333	7.59293510192136	702.253958333333	703.253958333333
CXCL10	1355.9125	13.4691078088797	1355.4125	1356.4125
CXCL11	48.9171666666667	11.3815789510598	48.4171666666667	49.4171666666667
CXCL13	20	0	19.5	20.5
CXCL16	124.176607142857	6.10756303949072	123.676607142857	124.676607142857
CXCL2	335.023125	22.4218042326513	334.523125	335.523125
CXCL3	457.6475	21.8678654808821	457.1475	458.1475
CXCL5	557.8365	9.76641895586068	557.3365	558.3365
CXCL6	20	0	19.5	20.5
CXCL8	20172.4747916667	68.8580307418168	20171.9747916667	20172.9747916667
CXCL9	270.415333333333	10.2508323553714	269.915333333333	270.915333333333
CXCR2	183.606	27.6052257183152	183.106	184.106
CXCR3	1180.214	7.55260332459742	1179.714	1180.714
CXCR4	10470.4168333333	7.06677573215341	10469.9168333333	10470.9168333333
CYBB	648.920833333333	45.5415901239104	648.420833333333	649.420833333333
CYP1B1	386.2675	4.6175302416932	385.7675	386.7675
CYP3A4	20	0	19.5	20.5
CYR61	26.415625	9.1061825544813	25.915625	26.915625
CYSLTR1	203.004	6.82137881616337	202.504	203.504
CYTIP	7339.204375	13.3505521078492	7338.704375	7339.704375
DAGLB	195.8875	5.78213386064192	195.3875	196.3875
DAXX	724.293611111111	6.84068176280243	723.793611111111	724.793611111111
DDR2	31.5185	53.0015973440623	31.0185	32.0185
DES	20	0	19.5	20.5
DNAJB6	3445.93178571429	5.76770853916947	3445.43178571429	3446.43178571429
DPP4	164.356333333333	4.98445516393528	163.856333333333	164.856333333333
DUSP1	1673.86479166667	14.1977016939862	1673.36479166667	1674.36479166667
DUSP2	599.794833333333	8.97452008726535	599.294833333333	600.294833333333
DUSP6	526.256666666667	11.0770593448718	525.756666666667	526.756666666667
EDN	37.0423214285714	7.33425387363265	36.5423214285714	37.5423214285714
EEF1A1	52055.4473333333	15.4333667793937	52054.9473333333	52055.9473333333
EGF	20	0	19.5	20.5
EGR2	473.653333333333	4.15444727396294	473.153333333333	474.153333333333
EGR3	504.4785	35.20264932184	503.9785	504.9785
EIF4EBP2	558.661666666667	3.65560864143296	558.161666666667	559.161666666667
ELANE	60.176	39.5022311669874	59.676	60.676
ELL2	467.9975	12.2163876278546	467.4975	468.4975
ELOVL6	441.432083333333	32.176329166869	440.932083333333	441.932083333333
EMP1	291.604107142857	7.06120923239241	291.104107142857	292.104107142857
EN1	26.37625	17.7759713854494	25.87625	26.87625
ENC1	671.713611111111	17.5881889950829	671.213611111111	672.213611111111
ENPEP	26.135	0	25.635	26.635
ENPP2	29.995	0	29.495	30.495
EPHB6	34.6385416666667	8.56528459640057	34.1385416666667	35.1385416666667
EPX	20	0	19.5	20.5
ERCC1	159.0725	6.94659695642415	158.5725	159.5725
ERG	20	0	19.5	20.5
ETS1	2480.669	7.61309328062874	2480.169	2481.169
F11R	438.037	8.56669211521665	437.537	438.537
FABP4	21.5655	41.7711780237123	21.0655	22.0655
FADD	24.935625	10.6925353537622	24.435625	25.435625
FAF1	615.699	4.76055355945768	615.199	616.199
FAS	385.318333333333	6.80144744914134	384.818333333333	385.818333333333
FASN	122.140666666667	3.68204104950727	121.640666666667	122.640666666667
FBP1	210.688833333333	11.3077713058704	210.188833333333	211.188833333333
FBXL7	26.3822222222222	34.4787021041428	25.8822222222222	26.8822222222222
FCAR	48.2725	3.86876198730972	47.7725	48.7725
FCER1A	85.5625	152.323361935613	85.0625	86.0625
FCER2	28.6571428571429	9.56345309398104	28.1571428571429	29.1571428571429
FCGR1A	47.2589583333333	169.537248693106	46.7589583333333	47.7589583333333
FCGR2A	195.255	12.1796246672915	194.755	195.755
FCGR2B	422.2625	4.23548618891873	421.7625	422.7625
FCGR3A	2881.64333333333	7.19131270438678	2881.14333333333	2882.14333333333
FCN1	224.620208333333	12.6699908144307	224.120208333333	225.120208333333
FGF10	20	0	19.5	20.5
FGF18	20	0	19.5	20.5
FGF2	20	0	19.5	20.5
FGF7	56.907	8.05190706895928	56.407	57.407
FGFR1	235.841428571429	10.2352791108831	235.341428571429	236.341428571429
FLNB	191.514464285714	16.5766441925246	191.014464285714	192.014464285714
FLRT2	20.735	1.10097452999587e+16	20.235	21.235
FLT1	149.096785714286	10.865413847378	148.596785714286	149.596785714286
FLT3	49.3655	5.18567921268496	48.8655	49.8655
FN1	259.7155	3166.01026688031	259.2155	260.2155
FOSB	192.922666666667	4.72072336670088	192.422666666667	193.422666666667
FOSL1	47.33	7.657852530171	46.83	47.83
FPR1	20	0	19.5	20.5
FPR2	23.15	0	22.65	23.65
FPR3	238.117777777778	14.8458234948423	237.617777777778	238.617777777778
FSCN1	236.404833333333	5.92800237493076	235.904833333333	236.904833333333
FURIN	918.473541666667	33.9024530288001	917.973541666667	918.973541666667
FUT4	122.77875	7.02026736700039	122.27875	123.27875
FYN	4127.944	11.1560289253086	4127.444	4128.444
FZD4	21.28	0	20.78	21.78
FZD6	48.334	5.73663885647588	47.834	48.834
FZD9	20	0	19.5	20.5
GADD45B	1299.03571428571	3.77940936611157	1298.53571428571	1299.53571428571
GATA1	20	0	19.5	20.5
GATA2	20	0	19.5	20.5
GATA3	850.623541666667	8.00463846807691	850.123541666667	851.123541666667
GATA6	22.845	2.45469683326111e+15	22.345	23.345
GCH1	1433.13854166667	16.5343190864067	1432.63854166667	1433.63854166667
GEM	113.639583333333	7.01973786194875	113.139583333333	114.139583333333
GLG1	1342.71791666667	3.3964413253701	1342.21791666667	1343.21791666667
GNAI3	595.168958333333	7.17531599492	594.668958333333	595.668958333333
GPR183	815.073666666667	11.7839306521323	814.573666666667	815.573666666667
GPR65	312.831875	5.08477736784248	312.331875	313.331875
GRN	380.396875	13.7034787001081	379.896875	380.896875
GSN	251.301458333333	11.6595570900245	250.801458333333	251.801458333333
GTF2H2	807.315625	3.20695975195292	806.815625	807.815625
GZMA	15322.3920833333	26.9244784592496	15321.8920833333	15322.8920833333
HAVCR1	363.171944444444	6.30873636152	362.671944444444	363.671944444444
HAVCR2	1999.295	16.3395344596164	1998.795	1999.795
HBEGF	47.6315	13.463623901719	47.1315	48.1315
HDAC5	158.902708333333	9.10101436320828	158.402708333333	159.402708333333
HDAC6	168.253333333333	8.57224933048418	167.753333333333	168.753333333333
HDC	52.3705555555556	11.3674468497911	51.8705555555556	52.8705555555556
HES1	69.005625	7.64230328459798	68.505625	69.505625
HGF	20	0	19.5	20.5
HIF1A	4069.98660714286	5.0303538019845	4069.48660714286	4070.48660714286
HIP1R	154.78	3.721966901954	154.28	155.28
HIST1H1C	5439.40466666667	10.9706508266416	5438.90466666667	5439.90466666667
HIST2H2AA3	1018.12883333333	5.75220389402891	1017.62883333333	1018.62883333333
HIVEP1	463.295178571429	7.20984897792674	462.795178571429	463.795178571429
HLA-DMA	299.386428571429	10.7331227277712	298.886428571429	299.886428571429
HLA-DQB1	220.128333333333	7.01172824522918	219.628333333333	220.628333333333
HMGB1	481.679583333333	4.34597642879449	481.179583333333	482.179583333333
HNF1B	54.7905	8.65416977717327	54.2905	55.2905
HOXD4	20	0	19.5	20.5
HPGD	20	0	19.5	20.5
HPGDS	24.315	2.1175135043416e+15	23.815	24.815
HRAS	125.8695	4.38586489558629	125.3695	126.3695
HSPG2	20	0	19.5	20.5
ICAM1	536.99	11.4075987327642	536.49	537.49
ICOS	333.543	23.3387438105443	333.043	334.043
ICOSLG	87.6296666666667	7.55858315184489	87.1296666666667	88.1296666666667
ID1	170.0605	20.4406686530027	169.5605	170.5605
ID2	1794.318	10.1273545185874	1793.818	1794.818
ID3	48.68	9.89913186347825	48.18	49.18
IDO1	1204.95732142857	9.47377069545002	1204.45732142857	1205.45732142857
IDO2	20	0	19.5	20.5
IER3	350.4005	7.44815328548807	349.9005	350.9005
IFIT1	267.512777777778	44.2502877866925	267.012777777778	268.012777777778
IFNA2	20	0	19.5	20.5
IFNG	50166.2419444444	93.1534133859359	50165.7419444444	50166.7419444444
IFNGR1	1663.38392857143	4.06906495557501	1662.88392857143	1663.88392857143
IGF1	20.15	0	19.65	20.65
IGF2	20	0	19.5	20.5
IKBKE	147.494285714286	5.7864259992056	146.994285714286	147.994285714286
IKZF1	1940.6095	5.06630391397583	1940.1095	1941.1095
IL10	50.9108333333333	11.7596616594903	50.4108333333333	51.4108333333333
IL10RA	1908.861875	18.1308536949323	1908.361875	1909.361875
IL12A	61.2625	11.9836048378675	60.7625	61.7625
IL12B	76.695	42.5545823028403	76.195	77.195
IL15	91.3501785714286	9.6020151849276	90.8501785714286	91.8501785714286
IL15RA	38.7583928571429	15.8038350794412	38.2583928571429	39.2583928571429
IL17RA	326.09375	5.70956804295069	325.59375	326.59375
IL18	68.5964583333333	4.51595253068492	68.0964583333333	69.0964583333333
IL18R1	825.665833333333	3.32242601125695	825.165833333333	826.165833333333
IL1A	288.447083333333	10.1648156773771	287.947083333333	288.947083333333
IL1B	2346.24979166667	37.9506564993427	2345.74979166667	2346.74979166667
IL1R1	33.2498333333333	5.15166992877316	32.7498333333333	33.7498333333333
IL1RL1	52.5963888888889	13.1062577593964	52.0963888888889	53.0963888888889
IL1RN	69.1583333333333	4.36427691869684	68.6583333333333	69.6583333333333
IL2	25.21	0	24.71	25.71
IL21R	519.108333333333	9.13434963533706	518.608333333333	519.608333333333
IL22	258.932777777778	15.2602371703741	258.432777777778	259.432777777778
IL23A	234.3065	6.27294730655834	233.8065	234.8065
IL25	20	0	19.5	20.5
IL27	26.08375	45.0894659785098	25.58375	26.58375
IL27RA	273.9445	11.7745124440321	273.4445	274.4445
IL3	125.905	14.128769964782	125.405	126.405
IL33	69.167	11.0602950394702	68.667	69.667
IL3RA	107.824	7.19877891179017	107.324	108.324
IL4	26.622	8.4288044379433	26.122	27.122
IL4I1	250.983125	9.10969469700924	250.483125	251.483125
IL4R	422.951071428571	8.1608895892694	422.451071428571	423.451071428571
IL5	21.995	0	21.495	22.495
IL5RA	27.2545	14.634596695821	26.7545	27.7545
IL6	541.639583333333	22.8775940424146	541.139583333333	542.139583333333
IL6R	64.7133928571428	4.80139959589154	64.2133928571428	65.2133928571428
IL9	20	0	19.5	20.5
INSIG1	1832.86875	6.76462484720438	1832.36875	1833.36875
INSR	20	0	19.5	20.5
IRF1	1279.67428571429	8.18758429345085	1279.17428571429	1280.17428571429
IRF2	639.417666666667	6.47084299518831	638.917666666667	639.917666666667
IRF4	838.519464285714	3.94375681047433	838.019464285714	839.019464285714
IRF5	112.245208333333	6.86339993602446	111.745208333333	112.745208333333
IRF8	709.9725	7.17623580713228	709.4725	710.4725
ISG15	973.993611111111	20.8176397686259	973.493611111111	974.493611111111
ITGA4	488.848833333333	5.67371591193395	488.348833333333	489.348833333333
ITGA5	1852.317	5.47785853617196	1851.817	1852.817
ITGAL	4513.210625	21.3790806989529	4512.710625	4513.710625
ITGAM	430.754666666667	4.62974982887295	430.254666666667	431.254666666667
ITGAX	926.882666666667	11.0258768858092	926.382666666667	927.382666666667
ITGB1	3585.74354166667	18.3988958646376	3585.24354166667	3586.24354166667
ITGB2	1348.984	7.03645994199735	1348.484	1349.484
ITGB7	835.313333333333	14.8225400746831	834.813333333333	835.813333333333
JAG1	47.8510416666667	10.5800118928445	47.3510416666667	48.3510416666667
JAK3	490.702291666667	9.35858146080684	490.202291666667	491.202291666667
JAML	2782.01958333333	23.7887531470251	2781.51958333333	2782.51958333333
JUN	782.083928571429	4.26337419148432	781.583928571429	782.583928571429
KALRN	23.5816666666667	56.9491052270187	23.0816666666667	24.0816666666667
KCNAB1	20	0	19.5	20.5
KIAA0101	52.9242857142857	8.53236614659147	52.4242857142857	53.4242857142857
KIF20A	32.0138888888889	11.6036614229928	31.5138888888889	32.5138888888889
KIT	89.7271666666667	12.9665748466313	89.2271666666667	90.2271666666667
KITLG	37.7276785714286	5.39112268380607	37.2276785714286	38.2276785714286
KLF10	1389.83604166667	7.11365348859308	1389.33604166667	1390.33604166667
KLK3	20	0	19.5	20.5
KLRK1	5886.56178571429	4.53760287298101	5886.06178571429	5887.06178571429
KRBA1	24.6185	32.2218537454879	24.1185	25.1185
LAG3	1097.5615	7.85646799703943	1097.0615	1098.0615
LAMB2	20	0	19.5	20.5
LAMB3	27.8131666666667	11.7304309559995	27.3131666666667	28.3131666666667
LAMP3	490.7225	11.7613886218243	490.2225	491.2225
LAPTM5	5384.01642857143	5.19872689575434	5383.51642857143	5384.51642857143
LAT	487.729642857143	6.71482386479226	487.229642857143	488.229642857143
LAT2	840.313392857143	5.9235150997696	839.813392857143	840.813392857143
LDLR	134.581041666667	65.1543725780383	134.081041666667	135.081041666667
LGALS3	937.960416666667	12.2709491038692	937.460416666667	938.460416666667
LIF	851.952222222222	9.84782285764362	851.452222222222	852.452222222222
LIPA	991.827291666667	78.9795202918838	991.327291666667	992.327291666667
LOXL2	65.61	24.3775135367462	65.11	66.11
LPL	89.5605	297.612425496271	89.0605	90.0605
LRP5	26.8994444444444	11.9749521404142	26.3994444444444	27.3994444444444
LRP6	27.1141666666667	18.3852108145089	26.6141666666667	27.6141666666667
LST1	136.8375	5.75067229290954	136.3375	137.3375
LTA	2186.13625	652.643466400905	2185.63625	2186.63625
LTA4H	697.0075	8.08345224953159	696.5075	697.5075
LTB	5059.8445	10.817291470668	5059.3445	5060.3445
LTB4R	96.328	10.473706123375	95.828	96.828
LTB4R2	243.250357142857	5.04516656963808	242.750357142857	243.750357142857
MAFF	170.991428571429	16.7254032362106	170.491428571429	171.491428571429
MALT1	923.495555555556	11.9337725161113	922.995555555556	923.995555555556
MAN2B1	261.5975	6.14937268677327	261.0975	262.0975
MAP2K1	973.1965	5.47653882504498	972.6965	973.6965
MAP2K2	607.029285714286	7.13213428354346	606.529285714286	607.529285714286
MAP2K3	780.956785714286	17.8578265923118	780.456785714286	781.456785714286
MAP2K4	320.74	6.97565364311826	320.24	321.24
MAP3K14	219.22	19.5162999926789	218.72	219.72
MAP3K4	452.635357142857	8.60478270572925	452.135357142857	453.135357142857
MAPK11	50.6976666666667	5.03410759359311	50.1976666666667	51.1976666666667
MAPK12	20	0	19.5	20.5
MAPK13	222.872166666667	5.7540984008415	222.372166666667	223.372166666667
MAPK14	1112.95116666667	7.90049993156572	1112.45116666667	1113.45116666667
MARCKSL1	379.387916666667	11.5384768149992	378.887916666667	379.887916666667
MARCO	23.42	0	22.92	23.92
MERTK	98.2161111111111	21.3411204250708	97.7161111111111	98.7161111111111
MET	29.3571428571429	9.6839039480578	28.8571428571429	29.8571428571429
MIF	2061.14216666667	6.74262524782206	2060.64216666667	2061.64216666667
MMP1	55.4946428571428	7.70305065417904	54.9946428571428	55.9946428571428
MMP12	30.5385	13.348240717802	30.0385	31.0385
MMP13	20	0	19.5	20.5
MMP19	84.0972916666667	8.63014349576553	83.5972916666667	84.5972916666667
MMP8	20	0	19.5	20.5
MMP9	1124.86	36.2288359669624	1124.36	1125.36
MOK	28.9031666666667	7.67949161183954	28.4031666666667	29.4031666666667
MPEG1	323.846666666667	14.1970158385944	323.346666666667	324.346666666667
MPO	48.0605	92.3536152497014	47.5605	48.5605
MRC1	263.147777777778	8.26381308923461	262.647777777778	263.647777777778
MRC2	52.419375	18.5466085167367	51.919375	52.919375
MS4A1	66.9043333333333	11.5867771787407	66.4043333333333	67.4043333333333
MSC	106.04375	8.81001049908705	105.54375	106.54375
MSH2	259.5935	5.77504698762689	259.0935	260.0935
MX1	3484.85	41.3882396070587	3484.35	3485.35
MX2	453.299444444444	21.2720791639855	452.799444444444	453.799444444444
MYC	650.779	7.84244195264895	650.279	651.279
MYD88	534.464833333333	6.29879226055112	533.964833333333	534.964833333333
MYH4	20	0	19.5	20.5
MYOD1	31.3804166666667	21.4267803522053	30.8804166666667	31.8804166666667
NAMPT	1229.12767857143	10.5205536367868	1228.62767857143	1229.62767857143
NCF2	213.141666666667	8.29779972773781	212.641666666667	213.641666666667
NCOR1	1994.9825	8.26239171287679	1994.4825	1995.4825
NDC80	52.1930357142857	10.4747956552395	51.6930357142857	52.6930357142857
NDUFA7	437.696875	4.73399774491502	437.196875	438.196875
NFATC1	176.326333333333	5.59019814337546	175.826333333333	176.826333333333
NFATC2	2120.66805555556	7.63141098844578	2120.16805555556	2121.16805555556
NFIL3	1232.1165	3.16972390375681	1231.6165	1232.6165
NFKB1	624.63375	5.20606237767565	624.13375	625.13375
NFKBIA	7961.41660714286	4.66674754789404	7960.91660714286	7961.91660714286
NFKBIE	456.67375	5.00227494476509	456.17375	457.17375
NFKBIZ	1206.54571428571	6.75871102383367	1206.04571428571	1207.04571428571
NFYC	305.103392857143	11.686898297559	304.603392857143	305.603392857143
NGF	21.07	176230942628142	20.57	21.57
NKG7	13443.3251785714	6.49182633332491	13442.8251785714	13443.8251785714
NLRP3	60.3996666666667	4.33337223082677	59.8996666666667	60.8996666666667
NMB	88.6143333333333	6.12569345961721	88.1143333333333	89.1143333333333
NOD1	160.131166666667	4.42232216584099	159.631166666667	160.631166666667
NOD2	99.8755	5.13282677885706	99.3755	100.3755
NOS2	26.525	15.2283840853523	26.025	27.025
NOX1	20	0	19.5	20.5
NOX3	20	0	19.5	20.5
NOX4	23.865	755059310253383	23.365	24.365
NR1H3	27.293125	19.0872570041226	26.793125	27.793125
NR2F6	66.4601666666667	5.64494082411964	65.9601666666667	66.9601666666667
NR4A2	731.535833333333	4.77962457604224	731.035833333333	732.035833333333
NRIP3	42.416875	22.2559058503133	41.916875	42.916875
OLR1	70.295625	16.8787042435762	69.795625	70.795625
OSM	54.8272222222222	16.0396791526799	54.3272222222222	55.3272222222222
P2RX1	20	0	19.5	20.5
PBX1	26.7	143.847780126846	26.2	27.2
PBX3	83.3425	3.7983169933594	82.8425	83.8425
PDCD1	48.3063888888889	7.39114150223416	47.8063888888889	48.8063888888889
PDCD1LG2	30.1086111111111	18.5681988932178	29.6086111111111	30.6086111111111
PDE4A	477.074166666667	9.92061436698165	476.574166666667	477.574166666667
PDGFA	35.771	20.9374201965527	35.271	36.271
PDGFB	20	0	19.5	20.5
PDGFRA	20	0	19.5	20.5
PDZK1IP1	21.24	266766517438524	20.74	21.74
PELI1	646.034	8.2381339260812	645.534	646.534
PF4	20	0	19.5	20.5
PFDN6	575.8075	7.48765404604463	575.3075	576.3075
PGGT1B	398.137321428571	5.3345704245916	397.637321428571	398.637321428571
PGLYRP1	20	0	19.5	20.5
PHLDA2	25.4482142857143	18.7656283586717	24.9482142857143	25.9482142857143
PIK3CG	2295.3835	5.66746036577585	2294.8835	2295.8835
PIM2	1790.367	4.28797890393249	1789.867	1790.867
PLAU	282.773392857143	11.2508314000203	282.273392857143	283.273392857143
PLAUR	111.101964285714	4.29029196770086	110.601964285714	111.601964285714
PPARG	48.405	5.40175542020405	47.905	48.905
PRG2	33.2960416666667	10.3109510542478	32.7960416666667	33.7960416666667
PRG3	20	0	19.5	20.5
PRKCA	185.744107142857	3.94593845372755	185.244107142857	186.244107142857
PRKCI	169.005208333333	4.55376594973712	168.505208333333	169.505208333333
PROK2	161.731785714286	11.9476193136771	161.231785714286	162.231785714286
PROS1	73.1010416666667	5.76320698191256	72.6010416666667	73.6010416666667
PRRX1	50.0895	209.517509919141	49.5895	50.5895
PSMB8	2407.63020833333	13.1975541731607	2407.13020833333	2408.13020833333
PSMB9	2843.44104166667	9.50488455673556	2842.94104166667	2843.94104166667
PSME2	3037.66875	23.7762261589164	3037.16875	3038.16875
PTAFR	88.5885416666667	4.13003044856452	88.0885416666667	89.0885416666667
PTGDR	136.11	4.02570506717526	135.61	136.61
PTGDR2	27.6945	15.6239229929892	27.1945	28.1945
PTGDS	266.244	14.3974278757207	265.744	266.744
PTGER2	2982.045	7.34255982693861	2981.545	2982.545
PTGS1	42.5775	19.7152040679723	42.0775	43.0775
PTGS2	132.754	11.5960685648651	132.254	133.254
PTPN14	20	0	19.5	20.5
PTPRB	95.0598333333333	3.75396011464648	94.5598333333333	95.5598333333333
PTPRC	2562.26916666667	4.92508769277304	2561.76916666667	2562.76916666667
PTPRK	35.1771666666667	5.15831135171776	34.6771666666667	35.6771666666667
PTX3	25.8575	98.0111943439042	25.3575	26.3575
RAB20	124.150892857143	8.01525771458092	123.650892857143	124.650892857143
RAB3D	126.320833333333	8.46354079274009	125.820833333333	126.820833333333
RAD51	57.0264583333333	13.9936406571992	56.5264583333333	57.5264583333333
RAF1	887.219166666667	9.14915395816985	886.719166666667	887.719166666667
RAPGEF4	20	0	19.5	20.5
RASAL1	79.39375	6.9725384746851	78.89375	79.89375
RASGRF2	48.1272222222222	6.71194158370676	47.6272222222222	48.6272222222222
RETNLB	22.1325	275.554796126295	21.6325	22.6325
RGS1	1046.533	2.99491879818433	1046.033	1047.033
RGS6	51.451	5.85144528650072	50.951	51.951
RHOC	517.823055555556	6.5282736720353	517.323055555556	518.323055555556
RHOG	561.804464285714	3.64959159538648	561.304464285714	562.304464285714
RHOJ	20	0	19.5	20.5
RICTOR	908.911666666667	5.02183753792058	908.411666666667	909.411666666667
RIPK2	394.454642857143	10.794455842487	393.954642857143	394.954642857143
RNASE2	20	0	19.5	20.5
RNASE3	20	0	19.5	20.5
RND3	20	0	19.5	20.5
ROS1	23.42	0	22.92	23.92
RUNX2	34.8735	86.3429333446804	34.3735	35.3735
S100A10	1127.04517857143	10.6451219554036	1126.54517857143	1127.54517857143
S100A4	2534.07183333333	5.99463655365366	2533.57183333333	2534.57183333333
S100A8	514.49	21.4955314252049	513.99	514.99
S100A9	629.654166666667	7.12846335341872	629.154166666667	630.154166666667
S1PR1	169.6735	5.82439044407199	169.1735	170.1735
SAA1	20	0	19.5	20.5
SCIN	21.1275	734.04725897803	20.6275	21.6275
SELE	20	0	19.5	20.5
SELL	394.225166666667	3.54390737154968	393.725166666667	394.725166666667
SELP	20	0	19.5	20.5
SELPLG	161.832	5.49922702196422	161.332	162.332
SEMA4A	65.1933333333333	5.23177047729628	64.6933333333333	65.6933333333333
SEMA4B	42.5546428571429	3.98995895726387	42.0546428571429	43.0546428571429
SEMA5A	20	0	19.5	20.5
SEMA6D	20	0	19.5	20.5
SERPINB2	1274.64270833333	12.8324915636687	1274.14270833333	1275.14270833333
SERPINB9	3310.2705	3.93859277055263	3309.7705	3310.7705
SERPINE1	87.5189583333333	6.49255992658691	87.0189583333333	88.0189583333333
SERPINE3	24.535	10.807365917705	24.035	25.035
SFRP4	20	0	19.5	20.5
SGPP1	377.76125	10.0432170211801	377.26125	378.26125
SIGLEC1	59.5045	7.08686293286809	59.0045	60.0045
SIGLEC5	26.6948333333333	8.23052317474839	26.1948333333333	27.1948333333333
SIRPA	213.054375	20.5989605606316	212.554375	213.554375
SKI	1310.03333333333	5.98340719636957	1309.53333333333	1310.53333333333
SKIL	1476.56458333333	7.55054651771317	1476.06458333333	1477.06458333333
SLC16A6	297.871166666667	4.97592624571009	297.371166666667	298.371166666667
SMAD1	36.2679166666667	7.66202409177547	35.7679166666667	36.7679166666667
SMAD2	966.819583333333	10.997558194259	966.319583333333	967.319583333333
SMAD7	2469.03767857143	12.7162144576887	2468.53767857143	2469.53767857143
SMARCD3	133.970833333333	11.2140047578651	133.470833333333	134.470833333333
SOCS1	1181.74479166667	28.1965028245536	1181.24479166667	1182.24479166667
SOCS2	2470.6145	58.4719634039199	2470.1145	2471.1145
SOCS3	419.0325	4.99609431686385	418.5325	419.5325
SP4	468.806041666667	6.3667476749169	468.306041666667	469.306041666667
SPHK1	30.6021666666667	16.8726210311337	30.1021666666667	31.1021666666667
SPRY2	387.000833333333	8.66476506366821	386.500833333333	387.500833333333
SPTBN1	826.139833333333	7.59667600465121	825.639833333333	826.639833333333
SQSTM1	2435.72875	9.13860744810517	2435.22875	2436.22875
STAB1	64.7402777777778	77.0682802973062	64.2402777777778	65.2402777777778
STAT1	7135.23520833333	125.704033431981	7134.73520833333	7135.73520833333
STAT3	1723.0325	5.11291817468156	1722.5325	1723.5325
STAT4	2861.44361111111	6.34775344060951	2860.94361111111	2861.94361111111
STAT5A	1267.7285	9.60942465134324	1267.2285	1268.2285
STAT5B	774.395208333333	10.1226977797622	773.895208333333	774.895208333333
STAT6	995.333958333333	9.62658309669696	994.833958333333	995.833958333333
STK17A	3649.76375	11.9652748824695	3649.26375	3650.26375
SYK	282.519166666667	3.52233024741602	282.019166666667	283.019166666667
TAP1	822.01625	9.59544264213108	821.51625	822.51625
TAP2	556.021041666667	10.7974306692787	555.521041666667	556.521041666667
TAPBP	2231.8775	11.5053733468802	2231.3775	2232.3775
TEP1	206.457	5.85831918639933	205.957	206.957
TFCP2	303.514285714286	9.63113322724878	303.014285714286	304.014285714286
TGFA	62.3705357142857	7.31510478335741	61.8705357142857	62.8705357142857
TGFB1	1837.20517857143	6.64096213740336	1836.70517857143	1837.70517857143
TGFBR3	1302.50666666667	6.87162911892344	1302.00666666667	1303.00666666667
TGM2	26.1975	96.3227358187151	25.6975	26.6975
THBD	57.1598214285714	3.28933359931435	56.6598214285714	57.6598214285714
TIGIT	782.4375	5.76442130570011	781.9375	782.9375
TIMD4	24.6325	52.0140585381697	24.1325	25.1325
TIMP3	49.6215	196.394234896273	49.1215	50.1215
TLR1	477.1625	9.31858836367408	476.6625	477.6625
TLR10	35.9313888888889	6.76483241784962	35.4313888888889	36.4313888888889
TLR2	239.0225	7.18813113527969	238.5225	239.5225
TLR3	71.5821428571429	6.83517859610565	71.0821428571429	72.0821428571429
TLR4	42.0197222222222	48.4687451414808	41.5197222222222	42.5197222222222
TLR5	29.2685416666667	8.57653675216561	28.7685416666667	29.7685416666667
TLR6	100.558333333333	12.3009460179441	100.058333333333	101.058333333333
TLR7	28.7988888888889	14.1912698665644	28.2988888888889	29.2988888888889
TLR8	58.3135714285714	12.1417659036386	57.8135714285714	58.8135714285714
TLR9	31.04375	11.9770621723538	30.54375	31.54375
TM7SF3	558.659722222222	3.58344927816511	558.159722222222	559.159722222222
TMEM173	152.097	11.73671994125	151.597	152.597
TNC	21.53	0	21.03	22.03
TNF	1627.16017857143	13.1619924961628	1626.66017857143	1627.66017857143
TNFAIP3	7409.2725	12.915869709214	7408.7725	7409.7725
TNFAIP6	78.9277777777778	5.01437846537519	78.4277777777778	79.4277777777778
TNFAIP8	745.856666666667	3.76781022981482	745.356666666667	746.356666666667
TNFRSF11A	202.085	5.29793545566732	201.585	202.585
TNFRSF12A	37.6177083333333	5.51395713900961	37.1177083333333	38.1177083333333
TNFRSF14	92.962	5.80819776112258	92.462	93.462
TNFRSF1A	714.625	6.73519259754412	714.125	715.125
TNFRSF1B	799.726	4.28371225263958	799.226	800.226
TNFRSF4	36.4333333333333	7.50048656036572	35.9333333333333	36.9333333333333
TNFRSF8	52.17	8.72387281742613	51.67	52.67
TNFRSF9	1277.57166666667	4.19903189505617	1277.07166666667	1278.07166666667
TNFSF10	2447.64104166667	13.843424885904	2447.14104166667	2448.14104166667
TNFSF4	339.996785714286	5.87237476307382	339.496785714286	340.496785714286
TNFSF9	251.330714285714	10.1416966281641	250.830714285714	251.830714285714
TOP2A	269.430208333333	6.59055581545311	268.930208333333	269.930208333333
TPSAB1	20	0	19.5	20.5
TRAF1	1587.84138888889	2.99650107196791	1587.34138888889	1588.34138888889
TRAF2	469.339166666667	4.35437991560348	468.839166666667	469.839166666667
TRAF6	604.095357142857	11.1451612021354	603.595357142857	604.595357142857
TRAFD1	1283.71916666667	25.9328169844337	1283.21916666667	1284.21916666667
TREM1	45.4978571428571	11.1446746917543	44.9978571428571	45.9978571428571
TREM2	71.705	36.5691696955975	71.205	72.205
TREX1	268.125555555556	6.27521215015664	267.625555555556	268.625555555556
TSPAN8	20	0	19.5	20.5
TTK	159.235833333333	8.58948102056669	158.735833333333	159.735833333333
TUBA1A	21.53	0	21.03	22.03
TUBA4A	403.182666666667	8.3462039417854	402.682666666667	403.682666666667
TWISTNB	340.401	7.26296280075822	339.901	340.901
TXN	4685.58666666667	23.3682486970097	4685.08666666667	4686.08666666667
TXNDC16	239.063571428571	7.51176235756572	238.563571428571	239.563571428571
TYROBP	4816.29770833333	22.4300053508408	4815.79770833333	4816.79770833333
USP18	102.821111111111	26.9897932525136	102.321111111111	103.321111111111
VAMP2	917.7925	8.08395477937734	917.2925	918.2925
VASP	1116.41267857143	23.6975418027092	1115.91267857143	1116.91267857143
VAV1	733.960208333333	9.65480452801611	733.460208333333	734.460208333333
VAV2	57.895	5.33310747972294	57.395	58.395
VCAM1	51.48875	5.91739071072428	50.98875	51.98875
VEGFA	568.395833333333	3.74072606229268	567.895833333333	568.895833333333
VEGFC	30.928125	91.7065078624869	30.428125	31.428125
VRK2	252.886964285714	9.89887690207678	252.386964285714	253.386964285714
VTCN1	20	0	19.5	20.5
VWA5A	63.1941666666667	5.61097460352308	62.6941666666667	63.6941666666667
WAS	661.261944444444	3.32044758901753	660.761944444444	661.761944444444
XCR1	20	0	19.5	20.5
YAP1	26.343	14.3225337074817	25.843	26.843
YES1	1461.000625	8.81645803984561	1460.500625	1461.500625
ZFP92	81.2925	7.72586510813188	80.7925	81.7925
ZNF148	677.092833333333	7.58383709773611	676.592833333333	677.592833333333
ZNRF2	1096.268125	11.8387942763523	1095.768125	1096.768125
ABCF1	758.138333333333	8.11103418409206	757.638333333333	758.638333333333
AGK	849.917291666667	4.06648331394178	849.417291666667	850.417291666667
ALAS1	75.3255357142857	6.43476294557977	74.8255357142857	75.8255357142857
AMMECR1L	273.807333333333	12.414098082746	273.307333333333	274.307333333333
CC2D1B	491.498611111111	4.81775472985994	490.998611111111	491.998611111111
CNOT10	254.468035714286	4.13642646435984	253.968035714286	254.968035714286
CNOT4	550.954166666667	12.0026768348917	550.454166666667	551.454166666667
COG7	253.975833333333	9.18007707167345	253.475833333333	254.475833333333
DDX50	631.052142857143	4.5342279701799	630.552142857143	631.552142857143
DHX16	137.245535714286	4.02608384625735	136.745535714286	137.745535714286
DNAJC14	113.693	3.97253927638316	113.193	114.193
EDC3	362.905	8.66131940564728	362.405	363.405
EIF2B4	449.295333333333	4.55905833709144	448.795333333333	449.795333333333
ERCC3	166.706458333333	4.20036558028564	166.206458333333	167.206458333333
FCF1	1409.35604166667	5.19286376954365	1408.85604166667	1409.85604166667
G6PD	988.662916666667	73.1528445316129	988.162916666667	989.162916666667
GPATCH3	67.270625	9.25390341891305	66.770625	67.770625
GUSB	642.314333333333	6.3884928378122	641.814333333333	642.814333333333
HDAC3	327.852083333333	12.0883241150468	327.352083333333	328.352083333333
HPRT1	595.651388888889	9.17118712070029	595.151388888889	596.151388888889
MRPS5	803.271041666667	4.48975442989301	802.771041666667	803.771041666667
MTMR14	364.102321428571	13.705961083732	363.602321428571	364.602321428571
NOL7	778.24125	6.61583231976038	777.74125	778.74125
NUBP1	435.3535	3.84904593857866	434.8535	435.8535
POLR2A	754.058125	8.34189090985299	753.558125	754.558125
PPIA	11133.5955357143	9.13161207066926	11133.0955357143	11134.0955357143
PRPF38A	1504.39444444444	2.82358262629903	1503.89444444444	1504.89444444444
SAP130	377.0035	5.32731687950966	376.5035	377.5035
SDHA	309.556666666667	5.45914702042299	309.056666666667	310.056666666667
SF3A3	412.196666666667	6.45412492384285	411.696666666667	412.696666666667
TBP	449.136785714286	11.8814661902706	448.636785714286	449.636785714286
TLK2	511.751428571429	8.64264053278703	511.251428571429	512.251428571429
TMUB2	146.499583333333	6.02828026329408	145.999583333333	146.999583333333
TRIM39	135.572291666667	18.2151836790934	135.072291666667	136.072291666667
TUBB	1510.02416666667	7.21560689590066	1509.52416666667	1510.52416666667
USP39	398.7815	9.4931413311524	398.2815	399.2815
ZC3H14	424.465166666667	10.3486655112261	423.965166666667	424.965166666667
ZKSCAN5	74.6938333333333	4.76864083719915	74.1938333333333	75.1938333333333
ZNF143	307.811071428571	14.3546673794625	307.311071428571	308.311071428571
ZNF346	64.0221666666667	19.2543261469481	63.5221666666667	64.5221666666667
ERCC_00096.1	21.75	6.52642706131078	21.25	22.25
ERCC_00041.1	16.0714285714286	7.50487329434698	15.5714285714286	16.5714285714286
ERCC_00019.1	11.3	5.80407523510972	10.8	11.8
ERCC_00076.1	7.66666666666667	6.23885918003566	7.16666666666667	8.16666666666667
ERCC_00098.1	25.375	8.4949494949495	24.875	25.875
ERCC_00126.1	29.5714285714286	12.1426276903309	29.0714285714286	30.0714285714286
ERCC_00144.1	13.2833333333333	5.63113463113462	12.7833333333333	13.7833333333333
ERCC_00154.1	19.0166666666667	6.64595184429895	18.5166666666667	19.5166666666667
ERCC_00117.1	54230.5666666667	10.1390129832971	54230.0666666667	54231.0666666667
ERCC_00112.1	19221.3666666667	12.0957800065214	19220.8666666667	19221.8666666667
ERCC_00002.1	5390.78333333333	9.68469280144877	5390.28333333333	5391.28333333333
ERCC_00092.1	959.316666666667	9.61030898531624	958.816666666667	959.816666666667
ERCC_00035.1	174.383333333333	3.86427766426619	173.883333333333	174.883333333333
ERCC_00034.1	101.6875	8.91261786511193	101.1875	102.1875
