ID_REF	GSM3722267	GSM3722268	GSM3722269	GSM3722270	GSM3722271	GSM3722272	GSM3722273	GSM3722274	GSM3722275	GSM3722276	GSM3722277	GSM3722278
ABCC8	57.9	20.0	20.0	43.5	26.71	20.0	20.0	42.05	20.0	30.45	34.66	20.0
ACAD10	216.27	211.54	232.15	105.84	162.48	165.69	99.54	236.18	121.79	123.63	113.55	85.54
ACOD1	20.0	20.0	20.0	100.04	40.06	44.44	20.0	20.0	23.2	363.5	106.38	100.63
ACOT1	20.0	20.0	20.0	20.0	20.0	20.0	20.0	20.0	20.0	20.0	20.0	20.0
ACOT11	20.0	20.0	20.0	20.0	20.0	20.0	20.0	20.0	20.0	21.22	20.0	20.0
ACOX1	274.17	238.83	354.33	229.08	326.07	288.84	199.09	250.49	239.43	237.1	259.37	238.64
ACTB	18073.15	14708.78	13429.65	13028.36	16875.56	18676.43	8967.44	11946.69	11875.33	36292.74	43316.68	35248.7
ADAM19	20.0	20.0	22.56	63.79	63.43	60.94	29.97	59.04	43.08	339.51	267.74	342.14
ADAM8	611.35	436.73	534.78	920.66	405.08	685.61	816.68	523.35	827.64	462.22	528.31	549.87
ADAMTS1	139.64	167.18	45.11	104.39	130.21	87.61	77.07	171.77	48.88	217.73	362.17	248.7
ADAMTS12	81.74	71.65	20.0	47.85	20.0	20.0	27.8	27.73	25.68	31.37	39.44	20.0
ADAMTS14	20.0	20.0	20.0	20.0	20.0	20.0	20.0	20.0	20.0	32.29	28.69	20.0
ADAMTS17	83.44	88.71	20.68	73.94	26.71	29.2	58.87	56.36	37.28	44.28	52.59	24.44
ADAMTS2	20.0	20.0	20.0	20.0	20.0	20.0	20.0	20.0	20.0	20.0	20.0	20.0
ADAMTS3	20.0	20.0	20.0	20.0	20.0	20.0	20.0	20.0	20.0	20.0	20.0	20.0
ADAMTS4	69.82	88.71	21.62	34.8	20.0	20.0	37.46	27.73	24.85	29.52	33.47	20.0
ADAMTS9	20.0	20.0	20.0	20.0	20.0	20.0	20.0	20.0	20.0	20.0	20.0	20.0
ADAMTS9-AS2	20.0	20.0	20.0	20.0	20.0	20.0	20.0	20.0	20.0	20.0	20.0	20.0
ADCYAP1R1	20.0	20.0	20.0	20.0	20.0	20.0	20.0	20.0	20.0	20.0	20.0	20.0
ADGRE1	37.46	20.0	20.0	20.0	20.0	20.0	20.0	20.0	20.0	20.0	20.0	24.44
ADGRE5	2186.56	1006.52	1437.98	3742.06	1669.3	3963.82	3415.51	1579.89	3488.7	2991.03	3356.33	2922.6
ADORA2A	42.57	20.0	26.3	56.54	45.63	69.2	113.46	68.89	75.39	88.57	76.5	76.91
ADORA3	78.33	71.65	23.5	31.9	20.0	20.0	25.69	25.05	20.0	29.52	32.27	20.0
AIF1	633.49	358.25	263.16	649.53	913.67	497.06	41.74	419.57	62.14	27.68	33.47	20.0
AKAP13	1115.42	907.57	1110.0	1445.5	814.62	940.17	1410.0	683.49	1333.84	739.92	1284.92	1004.15
ALCAM	199.24	170.6	132.52	239.23	262.64	248.21	98.47	183.4	166.52	131.01	160.17	131.54
ALOX15	35.76	20.0	20.0	20.0	20.0	20.0	23.6	27.73	20.0	20.0	33.47	20.0
ALOX5	349.1	211.54	188.91	140.64	45.63	81.26	72.78	66.2	43.91	67.35	45.42	25.88
ANGPT1	73.23	95.53	20.0	33.35	61.21	27.3	25.69	45.63	20.71	26.76	39.44	20.0
ANGPT2	20.0	20.0	20.0	20.0	20.0	20.0	20.0	20.0	20.0	20.0	20.0	20.0
ANOS1	20.0	20.0	20.0	20.0	20.0	20.0	20.0	20.0	20.0	20.0	20.0	20.0
ANXA1	6622.68	5708.14	5125.99	7732.05	3132.73	4384.07	6482.08	3750.23	4879.71	3854.57	4904.2	4457.21
ANXA4	470.01	296.84	376.88	304.47	201.43	358.04	164.0	218.29	150.78	199.28	337.07	225.7
AOAH	3921.84	5878.74	3352.48	1918.15	2496.17	1868.28	2543.17	3122.21	1942.77	1498.28	3039.58	1255.01
APOE	103.88	20.0	20.68	20.0	20.0	20.0	20.0	20.0	20.0	20.0	20.0	20.0
AREG	20.0	20.0	20.0	79.74	20.0	63.48	54.6	20.0	53.02	37.83	20.0	26.6
ARF6	2467.54	2814.83	2733.11	3426.0	3094.89	4040.0	4105.89	3030.96	3430.71	4757.78	5114.57	4821.64
ARG1	20.0	20.0	20.0	20.0	20.0	20.0	20.0	20.0	20.0	20.0	20.0	20.0
ARHGEF28	47.68	20.0	87.41	52.19	33.39	44.44	32.11	34.89	29.83	27.68	34.66	25.88
ARHGEF6	1106.9	1228.29	1158.85	691.58	1109.53	1006.83	632.58	995.71	714.14	655.96	861.79	728.13
ATF3	192.43	163.77	119.36	1428.1	1092.84	769.4	637.93	470.57	431.63	389.33	338.26	702.98
B4GALT4	154.97	184.24	151.32	168.18	184.74	185.37	209.79	155.66	206.29	179.9	166.14	189.76
BATF	124.31	180.83	89.29	95.69	105.72	134.58	113.46	136.88	109.36	230.65	418.35	258.05
BATF3	20.0	20.0	20.0	207.33	248.17	177.11	63.15	90.36	111.84	469.6	290.45	363.71
BCL10	604.54	566.38	767.87	610.39	619.87	729.41	862.71	589.55	784.56	572.0	608.39	680.69
BCL2	127.72	204.72	121.24	310.27	370.59	502.14	451.69	514.4	294.94	735.3	1484.53	691.48
BCL6	262.25	218.36	255.64	311.72	324.96	494.53	426.0	339.95	389.38	116.25	143.43	112.85
BID	638.6	464.02	546.06	810.47	797.93	981.43	591.91	416.0	782.08	706.7	756.61	927.96
BIRC2	807.19	696.03	1123.13	1515.09	904.76	1142.68	1386.11	814.99	1487.94	728.84	845.06	930.83
BIRC3	1214.19	682.38	1783.85	3972.59	3863.88	8239.34	4785.56	3489.89	6974.09	4017.87	4759.58	5304.66
BIRC5	49.38	20.0	33.83	268.22	392.84	149.18	36.39	118.98	45.57	111.63	47.81	31.63
BMP8A	59.6	20.0	31.02	37.7	23.37	26.03	21.41	20.0	20.0	25.83	20.0	20.0
BTG2	498.96	593.67	562.98	998.95	904.76	1496.91	931.21	780.1	880.67	1187.37	1833.55	1413.14
BTK	64.71	20.0	43.23	30.45	26.71	35.55	29.97	24.15	20.0	20.0	23.91	20.0
BTLA	64.71	92.12	55.45	50.74	54.53	64.12	49.24	90.36	57.16	32.29	52.59	33.78
C1QA	20.0	20.0	20.0	20.0	20.0	20.0	20.0	20.0	20.0	20.0	20.0	20.0
C1QB	57.9	98.95	22.56	40.6	20.0	28.57	20.0	59.94	20.0	62.74	86.06	23.0
C1QC	20.0	20.0	20.0	20.0	20.0	20.95	20.0	25.94	20.0	20.0	35.86	20.0
C3	66.41	20.0	31.96	20.0	30.05	59.04	21.41	41.15	38.94	81.19	129.09	88.41
C3AR1	272.47	296.84	194.55	143.54	159.14	179.02	113.46	196.82	116.81	83.96	119.53	66.85
C4A	35.76	20.0	28.2	36.25	20.0	23.49	29.97	35.78	27.34	20.0	20.0	26.6
C5	20.0	20.0	20.68	20.0	20.0	20.0	20.0	20.0	20.0	20.0	20.0	20.0
C5AR1	153.26	116.01	78.01	46.4	20.0	27.93	28.9	32.21	20.0	41.52	34.66	37.38
CALR	4875.48	4053.36	3944.59	6219.86	6220.94	5992.07	3484.01	3987.3	3680.91	10115.25	10104.83	10468.45
CAMP	20.0	20.0	20.0	20.0	20.0	20.0	20.0	20.0	20.0	20.0	20.0	20.0
CASP10	538.12	511.79	300.76	751.02	614.3	516.11	651.85	687.06	399.32	630.13	715.97	495.25
CASP5	20.0	20.0	20.0	20.0	20.0	20.0	20.0	20.0	20.0	20.0	20.0	20.0
CASP7	154.97	146.71	151.32	227.63	117.96	248.85	180.89	163.71	178.95	337.67	203.2	334.96
CAV1	20.0	20.0	20.0	20.0	20.0	20.0	20.0	20.0	20.0	20.0	20.0	20.0
CBR1	189.02	116.01	88.35	136.29	97.93	113.63	66.36	130.61	77.05	226.96	188.85	111.41
CCL1	20.0	20.0	22.6	20.0	101.0	519.28	67.4	207.55	2150.72	1992.79	2532.78	2460.42
CCL11	51.09	20.0	20.0	36.25	20.0	20.0	32.11	25.94	27.34	28.6	26.3	20.0
CCL13	34.06	20.0	20.0	20.0	20.0	31.74	22.5	22.37	20.0	20.0	20.0	20.0
CCL17	20.0	20.0	20.0	20.0	20.0	20.0	20.0	20.0	20.0	27.68	35.86	20.13
CCL18	20.0	20.0	20.0	20.0	28.93	26.66	27.83	21.47	20.0	69.19	74.11	53.19
CCL19	20.0	20.0	20.0	20.0	20.0	20.31	51.4	21.47	20.0	493.58	309.58	363.71
CCL2	3589.77	2234.81	2512.24	816.27	653.25	2323.44	738.55	280.91	122.61	463.14	1409.23	846.73
CCL20	35.76	20.0	31.02	278.37	55.64	45.07	251.53	60.83	32.31	204.81	463.77	198.39
CCL22	347.4	225.19	88.35	111.64	129.09	294.56	540.53	90.36	618.87	1452.15	626.32	2487.01
CCL24	207.76	221.77	69.55	40.6	54.53	86.97	177.68	76.04	375.3	507.42	164.95	296.86
CCL28	252.03	368.49	318.61	176.88	168.04	173.94	386.4	374.84	290.79	201.12	276.11	168.92
CCL3	623.27	3459.69	366.55	3076.58	2242.43	4297.1	1060.72	1456.43	498.74	8085.56	13397.81	7049.17
CCL4	2881.35	10007.16	3336.5	13957.71	14632.01	32350.46	4410.94	4741.46	3886.37	13967.97	27476.93	16720.47
CCL5	12024.36	14988.56	20558.48	6071.97	10488.8	20741.5	10140.55	9364.83	12183.53	7440.67	6481.96	10237.71
CCL7	80.04	20.0	27.26	46.4	61.21	41.9	63.15	20.0	22.37	42.44	84.86	79.07
CCL8	61.31	20.0	20.0	43.5	201.43	310.43	26.76	55.47	20.0	177.14	546.24	117.88
CCNB2	20.0	20.0	20.0	207.33	383.94	111.73	24.62	119.88	40.6	48.9	28.69	20.13
CCR1	626.68	446.96	355.27	189.93	127.98	297.73	88.84	145.82	95.27	1031.45	592.86	884.83
CCR2	127.72	136.48	53.57	71.04	120.19	46.98	31.04	206.66	20.0	72.88	191.24	28.03
CCR3	20.0	20.0	20.0	20.0	20.0	20.0	20.0	20.0	20.0	20.0	20.0	20.0
CCR5	306.53	409.43	464.29	142.09	480.76	321.22	102.75	438.36	128.41	432.69	1049.45	555.62
CCR6	51.09	153.54	22.6	86.99	178.06	30.47	39.6	161.03	26.51	33.21	80.08	20.0
CCR7	298.01	153.54	120.3	220.38	155.8	205.68	315.76	148.51	431.63	463.14	268.94	457.87
CCR8	20.0	20.0	20.0	20.0	20.0	20.0	20.0	20.0	20.0	20.0	20.0	20.0
CCRL2	90.26	20.0	95.87	69.59	52.3	86.97	32.11	37.57	33.97	77.5	89.65	89.13
CD151	40.87	20.0	62.03	33.35	52.3	85.07	36.39	51.89	48.88	23.99	47.81	49.6
CD180	226.49	126.24	115.6	72.49	36.72	76.81	38.5	45.63	38.94	23.99	26.3	20.0
CD1A	47.68	71.65	20.68	53.64	53.42	29.2	33.18	47.41	24.85	28.6	33.47	20.0
CD1B	20.0	20.0	20.0	20.0	20.0	24.76	21.41	21.47	35.62	23.06	23.91	20.0
CD1C	40.87	81.89	28.2	63.79	25.6	27.3	29.97	25.05	23.2	23.06	20.0	20.0
CD1E	35.76	71.65	20.0	30.45	20.0	20.0	20.0	26.84	20.0	22.14	35.86	20.0
CD209	56.2	20.0	20.0	20.0	20.0	28.57	27.83	25.94	20.0	20.0	34.66	20.0
CD244	136.23	218.36	127.82	210.23	181.4	184.1	290.0	258.54	255.17	130.08	143.43	135.85
CD247	1759.12	1767.37	1627.84	1652.83	1103.97	1409.94	2496.07	1780.28	1791.99	1358.05	1618.4	1148.63
CD27	267.36	174.01	81.77	115.99	92.37	186.0	132.72	149.4	130.07	50.74	44.23	20.84
CD274	120.91	119.42	63.91	111.64	135.77	224.73	122.02	106.46	111.02	342.28	414.76	350.05
CD276	66.41	71.65	24.44	20.0	30.05	82.53	20.0	34.0	39.77	31.37	31.08	28.03
CD28	160.08	279.78	61.09	163.83	351.67	62.85	148.78	424.05	56.34	43.36	170.92	26.6
CD34	20.0	20.0	20.0	20.0	20.0	20.0	20.0	20.0	20.0	20.0	20.0	20.0
CD38	355.91	457.2	375.94	829.31	474.08	312.97	442.06	432.99	250.2	1370.96	1073.35	1801.29
CD40	107.28	20.0	60.15	46.4	92.37	180.29	114.53	66.2	96.1	167.91	251.01	158.13
CD40LG	68.12	146.71	58.27	69.59	143.56	119.98	73.85	152.98	52.19	282.31	430.3	128.66
CD44	5161.57	3340.27	5042.35	6063.28	3209.52	5298.85	5962.95	2899.45	5386.73	3469.85	2935.59	4123.69
CD69	795.27	921.22	461.47	3031.64	1707.14	3138.55	3075.13	1071.75	1184.72	2216.05	6563.24	2106.05
CD70	73.23	81.89	23.5	168.18	173.61	121.25	66.36	188.76	146.64	67.35	117.14	97.76
CD74	4396.95	3159.44	3305.49	2521.29	2093.31	5214.42	2634.15	2243.7	2883.09	2830.5	3489.0	3859.9
CD80	20.0	20.0	26.32	139.19	125.75	196.79	92.05	105.56	86.16	351.51	297.62	346.46
CD83	459.79	293.43	450.19	1230.92	1098.4	1924.78	2029.4	846.31	2735.62	1183.68	1442.69	1965.89
CD84	424.03	317.31	294.18	129.04	149.12	190.45	105.97	156.56	130.07	83.96	90.84	84.82
CD86	105.58	119.42	55.45	76.84	86.8	144.74	80.28	64.41	86.16	44.28	88.45	77.63
CD99	894.04	863.22	999.07	1151.18	994.91	1027.14	1029.68	881.2	902.21	676.26	839.08	756.89
CDC20	20.0	20.0	20.0	101.49	145.79	38.72	20.0	194.13	24.85	64.58	20.0	25.16
CDH1	20.0	20.0	20.0	20.0	20.0	20.0	20.0	20.58	20.0	20.3	25.1	20.0
CDH11	20.0	20.0	20.0	20.0	20.0	20.0	20.0	20.0	20.0	20.0	20.0	20.0
CDH13	20.0	20.0	20.0	20.0	20.0	20.0	22.48	20.0	20.0	31.37	20.0	20.0
CDH2	20.0	20.0	20.0	36.25	56.76	27.93	20.0	20.0	20.0	20.0	20.0	20.0
CDH4	20.0	20.0	20.0	20.0	52.3	30.47	20.0	33.1	20.0	20.0	33.47	20.0
CDH5	20.0	20.0	20.0	20.0	20.0	20.0	20.0	20.0	20.0	20.0	20.0	20.0
CDKN1A	98.77	146.71	93.99	871.36	436.24	810.03	180.89	253.18	322.28	656.88	480.5	516.81
CEACAM1	20.0	20.0	20.0	20.0	20.0	20.0	20.0	20.0	20.0	20.0	47.81	20.84
CEACAM8	20.0	20.0	20.0	20.0	20.0	20.0	20.0	20.0	20.0	20.0	20.0	20.0
CEBPA	313.34	143.3	210.53	86.99	70.11	203.14	137.01	95.72	119.3	40.59	53.79	58.94
CEBPB	768.02	474.26	604.33	756.82	411.0	799.87	481.66	543.03	478.03	1319.3	1184.52	1359.23
CEBPD	2799.61	4756.22	2272.58	1209.18	2416.04	1263.29	1587.34	2442.3	735.68	1138.47	2328.39	1967.33
CEBPG	602.84	532.26	650.38	814.82	852.46	945.25	1231.98	901.77	1044.7	947.5	994.47	1285.91
CETP	51.09	20.0	20.0	46.4	22.26	20.0	38.5	28.63	20.0	27.68	38.25	20.0
CLC	45.98	81.89	36.65	34.8	28.93	20.0	37.46	26.84	24.85	33.21	29.88	20.0
CLDN1	20.0	20.0	20.0	20.0	20.0	20.0	20.0	20.0	20.0	20.0	20.0	20.0
CLEC1B	20.0	20.0	20.0	20.0	20.0	20.0	20.0	20.0	20.0	20.0	20.0	20.0
CLEC5A	873.6	290.01	730.27	127.59	74.6	252.02	167.0	109.14	245.23	90.41	98.01	119.32
CLEC7A	321.85	191.07	108.08	71.04	32.27	132.04	59.94	65.31	48.88	38.75	33.47	20.0
CLEC9A	20.0	20.0	20.0	20.0	20.0	20.0	22.48	23.26	20.0	20.0	20.0	20.0
CLIC4	180.51	112.59	85.53	289.97	520.82	307.25	105.97	235.28	114.33	197.43	258.18	237.2
CMA1	34.06	20.0	20.0	33.35	20.0	20.0	22.48	22.37	20.0	21.22	20.0	20.0
CNKSR1	64.71	105.77	20.68	20.0	20.0	22.85	25.69	25.94	20.0	35.98	38.25	20.0
CNN2	1304.44	1276.06	1609.04	1030.84	1677.09	1406.76	871.27	1552.16	1121.75	981.63	1237.11	1083.93
COL10A1	20.0	20.0	20.0	20.0	20.0	20.0	20.0	25.05	20.0	20.0	20.0	20.0
COL11A1	61.31	75.06	25.38	42.05	20.0	20.0	25.69	42.05	20.0	26.76	34.66	20.0
COL12A1	20.0	20.0	20.0	20.0	20.0	20.0	20.0	25.05	20.0	20.0	20.0	20.0
COL14A1	61.31	20.0	20.0	20.0	20.0	20.0	24.62	42.94	20.0	20.0	26.3	20.0
COL15A1	20.0	20.0	20.68	30.45	22.26	20.0	26.76	20.0	20.0	20.0	20.0	20.0
COL17A1	20.0	20.0	20.0	20.0	20.0	20.0	20.0	20.0	20.0	20.0	20.0	20.0
COL1A2	20.0	20.0	20.0	20.0	20.0	20.0	20.0	20.0	20.0	20.0	20.0	20.0
COL3A1	85.15	81.89	20.0	42.05	20.0	20.0	27.83	32.21	20.71	27.68	41.83	20.84
COL4A1	39.17	20.0	20.0	44.95	20.0	20.0	34.25	20.58	20.0	20.0	32.27	20.0
COL4A2	45.98	71.65	20.0	30.45	20.0	20.0	21.4	22.37	20.0	23.99	23.91	20.0
CPA3	20.0	20.0	20.0	20.0	20.0	20.0	20.0	20.0	20.0	20.0	20.0	20.0
CRABP2	83.44	136.48	37.59	73.94	37.84	34.92	44.95	61.73	29.83	44.28	51.4	20.13
CREM	389.97	354.84	112.78	1839.86	1228.61	580.23	1544.52	457.15	897.24	1361.74	1659.04	894.89
CRIP1	1948.15	713.09	2518.82	2660.48	1053.89	1908.91	2599.9	892.83	4057.03	1384.8	616.76	2469.76
CSF1	93.66	160.36	42.29	86.99	63.43	83.16	238.69	102.88	299.91	315.52	411.17	474.4
CSF1R	45.98	20.0	38.53	20.0	20.0	20.0	20.0	20.0	20.0	20.0	20.0	20.0
CSF2	20.0	20.0	20.0	387.11	540.85	2675.13	267.59	174.45	487.14	5627.78	2188.54	2862.94
CSF2RA	497.25	317.31	233.09	240.68	188.07	376.45	198.02	186.97	191.38	351.51	273.72	227.86
CSF3	20.0	20.0	20.0	20.0	20.0	20.0	20.0	20.0	20.0	20.0	20.0	20.0
CSF3R	63.01	20.0	43.23	37.7	20.0	20.95	20.0	20.0	20.0	20.0	20.0	20.0
CTGF	20.0	20.0	20.0	20.0	20.0	20.0	20.0	20.0	20.0	20.0	20.0	20.0
CTLA4	52.79	20.0	29.1	36.25	20.0	55.23	41.7	43.84	38.11	76.57	38.25	38.1
CTNNB1	2338.12	2077.86	2101.53	2653.23	2124.47	2560.87	2860.0	2102.35	2973.39	2170.85	2268.63	2426.63
CTSG	20.0	20.0	20.0	20.0	20.0	20.0	20.0	20.0	20.0	20.0	20.0	20.0
CTSL	842.95	559.55	464.29	300.12	102.38	345.34	390.68	152.98	340.5	944.73	445.84	600.19
CTSS	5990.89	5288.48	4601.55	2166.08	1778.37	3549.92	1790.71	1816.07	1679.32	2800.05	3266.68	2944.88
CTTNBP2	91.96	92.12	25.38	50.74	20.0	20.0	37.46	39.36	20.0	27.68	28.69	20.0
CX3CL1	20.0	20.0	20.0	20.0	20.0	20.0	20.0	20.0	20.0	20.0	20.0	20.0
CX3CR1	2171.23	2091.51	1058.28	946.75	922.57	1406.13	642.21	859.73	579.93	1526.88	1747.49	1080.34
CXCL1	86.85	20.0	50.75	33.35	123.53	147.91	85.63	42.94	64.62	828.48	2167.03	1007.74
CXCL10	287.79	98.95	63.91	532.1	932.58	2440.25	32.11	67.99	69.59	383.8	340.65	194.07
CXCL11	20.0	20.0	20.0	73.94	46.74	75.54	20.0	33.1	24.85	83.03	63.35	56.07
CXCL13	20.0	20.0	20.0	20.0	20.0	20.0	20.0	20.0	20.0	20.0	20.0	20.0
CXCL16	202.65	156.95	127.82	142.09	87.92	148.55	135.94	145.82	139.18	97.79	121.92	116.44
CXCL2	245.22	153.54	203.01	168.18	56.76	166.96	148.78	84.99	118.47	644.89	488.87	463.62
CXCL3	212.87	163.77	169.17	195.73	69.0	146.01	271.87	102.88	275.05	655.96	668.16	899.21
CXCL5	56.2	75.06	97.75	20.0	34.5	32.38	140.22	26.84	275.88	260.17	396.83	979.71
CXCL6	20.0	20.0	20.0	20.0	20.0	20.0	20.0	20.0	20.0	20.0	20.0	20.0
CXCL8	3743.03	4500.32	4765.09	10552.01	3645.76	9116.03	8825.09	4200.22	8063.53	33619.09	34740.59	32549.65
CXCL9	91.96	20.0	20.0	57.99	333.86	482.46	20.0	132.4	71.25	534.18	736.29	349.33
CXCR2	166.89	310.48	75.19	60.89	65.66	53.32	56.73	93.04	24.85	38.75	78.89	20.0
CXCR3	676.06	307.07	1923.89	371.16	343.88	749.72	467.0	154.77	978.43	320.14	129.09	544.12
CXCR4	9723.71	6561.12	12272.68	16490.6	17054.73	9541.36	18785.82	9462.34	14146.18	1472.45	1128.34	2979.38
CYBB	2053.73	1204.41	1251.89	246.47	232.59	889.38	149.85	202.18	172.32	107.02	228.3	122.19
CYP1B1	880.41	696.03	465.23	424.81	491.89	461.51	160.55	284.49	357.07	441.0	265.35	559.22
CYP3A4	20.0	20.0	20.0	20.0	20.0	20.0	20.0	20.0	20.0	20.0	20.0	20.0
CYR61	59.6	20.0	23.5	20.0	20.0	20.0	29.97	36.68	20.0	24.91	28.69	20.0
CYSLTR1	269.06	276.37	125.94	108.74	121.3	184.73	97.4	143.14	155.75	115.32	143.43	100.63
CYTIP	3720.89	4565.15	3852.48	6129.97	4517.14	4288.85	6936.98	4494.55	4347.83	9236.94	9419.94	10703.49
DAGLB	287.79	218.36	311.09	205.88	164.7	217.74	226.92	246.02	254.34	154.99	136.26	150.95
DAXX	630.08	603.91	598.69	585.74	610.97	691.95	448.0	574.34	597.33	797.12	916.77	613.85
DDR2	20.0	20.0	22.56	42.05	20.0	20.0	20.0	22.37	20.0	21.22	20.0	23.72
DES	20.0	20.0	20.0	20.0	20.0	20.0	20.0	20.0	20.0	20.0	20.0	20.0
DNAJB6	2762.15	3190.14	3520.71	3308.56	3146.08	2890.97	4307.11	2602.44	3910.39	2696.72	3228.43	3793.05
DPP4	37.46	211.54	31.02	55.09	211.45	37.45	72.78	256.75	44.74	302.61	504.4	196.23
DUSP1	2544.17	617.56	632.53	3166.47	1041.65	2045.39	2482.16	1190.73	739.0	1019.46	436.27	587.25
DUSP2	466.6	474.26	163.54	1216.42	949.28	1296.3	874.48	700.48	751.43	144.85	255.79	135.85
DUSP6	573.89	283.19	188.91	962.7	804.6	903.35	215.14	435.68	194.69	584.92	649.03	311.95
EDN	52.79	20.0	25.38	46.4	24.48	20.31	40.67	33.1	27.34	58.12	34.66	45.28
EEF1A1	42287.05	31089.41	41334.07	74168.56	75926.65	67041.52	69900.0	56475.27	60267.28	32494.45	40261.56	38892.25
EGF	20.0	20.0	20.0	20.0	20.0	20.0	20.0	20.0	20.0	20.0	20.0	20.0
EGR2	137.94	300.25	91.17	324.77	569.79	1122.36	276.15	361.42	627.98	190.98	571.34	557.78
EGR3	59.6	105.77	37.59	184.13	242.61	903.98	81.35	61.73	107.7	52.59	126.7	49.6
EIF4EBP2	677.76	648.26	820.5	617.64	626.55	671.64	479.52	581.5	584.9	415.16	511.58	637.57
ELANE	54.49	95.53	21.62	33.35	20.0	20.0	28.9	25.05	20.0	25.83	33.47	20.0
ELL2	252.03	139.89	233.09	669.83	191.41	309.79	766.38	168.19	736.51	437.31	296.43	556.34
ELOVL6	185.62	146.71	122.18	133.39	222.57	161.24	195.88	213.81	140.84	589.53	860.6	697.23
EMP1	407.0	327.54	224.63	368.26	146.9	396.76	201.23	92.15	270.91	220.5	234.27	445.65
EN1	42.57	20.0	20.0	37.7	20.0	20.0	28.9	34.89	20.0	29.52	20.0	20.0
ENC1	343.99	283.19	72.37	914.86	225.91	257.1	1452.47	112.72	287.48	62.74	96.82	39.53
ENPEP	20.0	20.0	20.0	20.0	20.0	20.0	20.0	20.0	20.0	20.0	32.27	20.0
ENPP2	20.0	20.0	20.0	20.0	20.0	39.99	20.0	20.0	20.0	20.0	20.0	20.0
EPHB6	20.0	20.0	20.0	31.9	42.29	39.36	20.0	60.83	22.37	20.0	20.0	20.0
EPX	20.0	20.0	20.0	20.0	20.0	20.0	20.0	20.0	20.0	20.0	20.0	20.0
ERCC1	160.08	92.12	150.38	163.83	214.78	210.13	118.81	180.71	135.87	186.36	187.66	213.48
ERG	20.0	20.0	20.0	20.0	20.0	20.0	20.0	20.0	20.0	20.0	20.0	20.0
ETS1	2343.23	3173.08	2205.85	2300.91	1997.6	2249.17	2599.9	2543.39	2064.56	2121.03	2724.03	2983.69
F11R	485.33	559.55	470.87	556.74	521.94	455.17	402.45	369.48	346.3	355.2	404.0	301.89
FABP4	20.0	20.0	20.0	20.0	20.0	20.0	20.0	20.0	20.71	23.06	20.0	20.0
FADD	20.0	20.0	24.44	20.0	20.0	20.0	23.55	28.63	27.34	21.22	20.0	30.19
FAF1	592.62	549.32	577.07	520.5	708.9	514.2	472.03	551.08	458.15	551.71	555.8	475.12
FAS	289.5	272.95	218.05	617.64	420.66	466.59	625.09	477.72	589.04	472.36	515.16	541.97
FASN	98.77	20.0	53.57	139.19	173.61	126.96	90.98	235.28	112.67	180.83	108.77	146.63
FBP1	766.32	433.31	256.58	97.14	63.43	302.17	282.57	316.69	478.03	70.12	70.52	81.22
FBXL7	39.17	20.0	20.0	33.35	20.0	20.0	20.0	31.31	20.0	20.0	23.91	20.0
FCAR	44.28	75.06	32.9	40.6	20.0	26.03	46.0	30.42	56.34	43.36	52.59	42.41
FCER1A	122.61	20.0	148.5	34.8	20.0	27.3	20.0	24.15	20.0	20.0	20.0	20.0
FCER2	37.46	20.0	22.56	20.0	20.0	38.72	31.0	37.57	32.31	27.68	25.1	21.56
FCGR1A	105.58	71.65	75.19	20.0	27.82	71.1	20.0	21.47	25.68	20.0	20.0	20.0
FCGR2A	325.26	279.78	240.6	107.29	70.11	175.85	129.51	115.41	126.76	122.7	273.72	158.85
FCGR2B	473.41	651.68	238.72	86.99	184.74	315.51	182.0	372.16	181.44	50.74	262.96	53.19
FCGR3A	3891.19	3220.85	4730.31	2032.69	1793.95	3320.75	1746.82	1055.65	2042.19	3129.42	4679.49	5093.34
FCN1	853.17	562.97	394.74	120.34	60.09	264.72	20.0	53.68	20.0	20.0	20.0	20.0
FGF10	20.0	20.0	20.0	20.0	20.0	20.0	20.0	20.0	20.0	20.0	20.0	20.0
FGF18	20.0	20.0	20.0	20.0	20.0	20.0	20.0	20.0	20.0	20.0	20.0	20.0
FGF2	20.0	20.0	20.0	20.0	20.0	20.0	20.0	20.0	20.0	20.0	20.0	20.0
FGF7	44.28	85.3	20.0	30.45	20.0	20.0	42.81	36.68	22.37	28.6	44.23	20.0
FGFR1	103.88	20.0	57.33	317.52	567.56	275.51	143.43	470.57	117.64	39.67	31.08	38.1
FLNB	177.1	112.59	91.17	308.82	124.64	122.52	338.23	211.13	284.17	69.19	101.6	60.38
FLRT2	20.0	20.0	20.0	20.0	20.0	20.0	20.0	21.47	20.0	20.0	20.0	20.0
FLT1	59.6	20.0	20.0	320.42	231.48	209.49	113.46	204.87	114.33	47.97	49.01	31.63
FLT3	68.12	20.0	29.14	29.0	45.63	64.75	82.42	54.57	75.39	45.21	58.57	53.91
FN1	504.07	20.0	498.13	20.0	20.0	33.01	20.0	20.0	20.0	20.0	20.0	20.0
FOSB	112.39	20.0	38.53	336.37	58.98	223.46	661.48	28.63	283.34	49.82	26.3	239.36
FOSL1	20.0	20.0	23.5	86.99	53.42	60.94	22.48	37.57	23.2	53.51	37.05	81.94
FPR1	39.17	20.0	20.0	20.0	20.0	20.0	20.0	20.0	20.0	20.0	20.0	20.0
FPR2	20.0	20.0	20.0	20.0	20.0	20.0	20.0	20.0	20.0	20.0	26.3	20.0
FPR3	573.89	453.79	365.61	33.35	57.87	206.95	44.95	92.15	63.79	20.0	59.76	20.0
FSCN1	126.02	78.47	43.23	323.32	396.18	297.73	150.92	190.55	301.56	201.12	303.6	225.7
FURIN	296.31	262.72	279.14	540.79	369.0	244.41	492.0	266.6	309.85	1295.31	1430.74	1748.1
FUT4	112.39	126.24	103.38	82.64	109.06	97.76	107.04	148.51	115.16	104.25	109.97	150.95
FYN	3402.45	5366.95	2852.47	3937.79	5219.36	5124.91	5236.18	5093.94	4667.62	2400.57	3822.48	2675.33
FZD4	20.0	20.0	22.56	20.0	20.0	20.0	20.0	20.0	20.0	20.0	20.0	20.0
FZD6	35.76	20.0	64.85	43.5	58.98	57.13	42.81	35.78	53.02	62.74	25.1	82.66
FZD9	20.0	20.0	20.0	20.0	20.0	20.0	20.0	20.0	20.0	20.0	20.0	20.0
GADD45B	674.36	477.67	469.93	1181.63	1131.79	1941.92	1579.85	1346.4	1237.74	1047.14	999.25	1784.03
GATA1	20.0	20.0	20.0	20.0	20.0	20.0	20.0	20.0	20.0	20.0	20.0	20.0
GATA2	20.0	20.0	20.0	20.0	20.0	20.0	20.0	20.0	20.0	20.0	20.0	20.0
GATA3	618.16	706.27	968.06	566.89	637.67	749.09	1139.93	620.86	1162.35	376.42	479.3	752.57
GATA6	20.0	20.0	20.0	20.0	20.0	20.0	25.69	20.0	20.0	20.0	20.0	20.0
GCH1	400.19	423.08	529.14	864.11	639.9	744.64	580.13	447.31	641.24	1982.64	1861.04	2929.07
GEM	49.38	71.65	35.71	95.69	72.34	96.49	84.56	67.99	152.44	188.21	44.23	127.94
GLG1	1546.26	1897.03	1657.91	1403.46	1184.09	1402.95	1533.82	1473.43	1414.2	1111.72	1452.26	1172.35
GNAI3	398.48	525.44	486.85	494.4	546.42	481.83	505.21	389.16	565.02	627.36	714.77	731.01
GPR183	584.1	443.55	415.42	1165.68	862.47	1126.17	1200.94	670.07	1213.71	327.52	541.46	700.1
GPR65	328.66	382.13	151.32	392.91	356.12	350.42	356.43	426.73	282.51	445.61	524.72	230.01
GRN	853.17	696.03	580.83	224.73	247.06	406.92	149.85	186.08	183.92	213.12	206.78	184.73
GSN	512.58	412.84	297.94	136.29	112.4	339.63	199.09	136.88	221.2	143.0	152.99	117.88
GTF2H2	490.44	921.22	703.01	432.06	746.74	684.97	345.73	838.25	560.05	703.01	1259.82	690.04
GZMA	4405.47	8447.91	3797.97	5015.03	5155.93	5672.76	3380.18	4490.97	2775.39	30683.41	19763.83	26961.06
HAVCR1	97.07	180.83	77.07	253.72	116.85	85.7	509.49	286.28	249.37	256.48	540.26	306.92
HAVCR2	335.48	457.2	283.84	1323.71	1080.6	1362.96	1068.22	939.35	787.88	2607.23	3119.66	3529.97
HBEGF	20.0	20.0	20.0	34.8	20.0	31.11	20.0	23.26	20.0	71.04	20.0	33.06
HDAC5	231.6	218.36	272.56	189.93	196.98	234.88	314.68	233.49	313.99	54.43	90.84	67.57
HDAC6	236.71	197.89	161.66	115.99	135.77	150.45	150.92	195.03	136.7	142.08	130.28	136.57
HDC	20.0	20.0	20.0	69.59	89.03	45.07	23.55	40.26	20.0	20.0	20.0	20.0
HES1	20.0	20.0	20.0	86.99	89.03	64.75	28.9	151.19	26.51	31.37	20.0	20.0
HGF	39.17	20.0	20.0	20.0	20.0	20.0	20.0	20.0	20.0	20.0	20.0	20.0
HIF1A	2145.69	3159.44	1500.96	3482.54	3223.98	3363.92	4250.38	2901.24	2411.69	4910.01	6923.02	5022.9
HIP1R	228.19	170.6	234.96	160.93	138.0	137.12	137.01	124.35	135.04	115.32	95.62	83.38
HIST1H1C	8492.49	3660.99	4511.33	8675.91	6419.03	8188.55	7803.97	8031.86	3784.47	5704.36	2665.46	2418.73
HIST2H2AA3	931.5	419.67	813.92	1254.12	1564.69	1338.2	1222.35	1637.15	835.93	940.12	445.84	1054.46
HIVEP1	315.04	242.25	275.38	524.85	346.1	399.94	557.66	367.69	740.66	333.98	395.64	534.06
HLA-DMA	633.49	365.08	472.75	201.53	208.11	413.27	235.48	322.06	264.28	176.21	178.1	174.67
HLA-DQB1	134.53	112.59	245.3	123.24	60.09	431.68	97.4	78.73	160.72	53.51	69.33	160.29
HMGB1	509.17	706.27	805.46	562.54	628.77	613.87	530.9	509.93	531.88	291.54	364.56	400.37
HNF1B	90.26	81.89	21.62	40.6	20.0	20.0	33.18	34.89	20.0	41.52	25.1	20.0
HOXD4	20.0	20.0	20.0	20.0	20.0	20.0	20.0	20.0	20.0	20.0	20.0	20.0
HPGD	34.06	20.0	20.0	20.0	20.0	20.0	20.0	20.0	20.0	20.0	20.0	20.0
HPGDS	20.0	20.0	20.0	20.0	20.0	20.0	20.0	28.63	20.0	20.0	20.0	20.0
HRAS	105.58	88.71	121.24	160.93	119.08	163.78	80.28	129.72	112.67	131.01	109.97	146.63
HSPG2	20.0	20.0	20.0	20.0	20.0	20.0	20.0	20.0	20.0	20.0	20.0	20.0
ICAM1	190.73	143.3	144.74	343.61	314.94	764.96	453.83	271.07	454.83	675.33	813.98	826.61
ICOS	112.39	191.07	106.2	162.38	208.11	163.15	116.67	190.55	122.61	162.38	512.77	120.04
ICOSLG	81.74	68.24	70.49	117.44	101.27	139.66	80.28	93.93	131.73	42.44	45.42	43.85
ID1	47.68	20.0	31.02	57.99	106.84	60.31	31.04	300.59	23.2	24.91	20.0	20.0
ID2	1004.73	1392.06	1053.58	1358.51	1396.65	2531.67	1904.16	1482.38	1294.9	2133.94	2675.02	2049.99
ID3	61.31	71.65	20.0	29.0	20.0	20.0	32.11	29.52	20.0	25.83	40.64	20.0
IDO1	192.43	191.07	97.75	188.48	763.43	1389.62	197.0	373.95	555.91	2954.12	2337.95	1605.06
IDO2	20.0	20.0	20.0	20.0	20.0	20.0	20.0	20.0	20.0	20.0	20.0	20.0
IER3	357.61	481.08	156.02	250.82	225.91	218.38	181.96	288.07	151.61	226.96	279.69	217.79
IFIT1	71.52	88.71	24.44	144.99	27.82	23.49	71.71	32.21	29.0	511.11	60.96	447.09
IFNA2	20.0	20.0	20.0	20.0	20.0	20.0	20.0	20.0	20.0	20.0	20.0	20.0
IFNG	153.26	177.42	65.79	1010.55	396.18	1976.83	781.36	128.82	335.53	106518.25	16516.28	89393.66
IFNGR1	1975.39	1743.49	1268.81	2102.28	1876.3	1343.92	2846.08	1871.54	1795.3	1358.97	2186.15	1094.72
IGF1	20.0	20.0	20.0	20.0	20.0	20.0	20.0	20.0	20.0	20.3	20.0	20.0
IGF2	20.0	20.0	20.0	20.0	20.0	20.0	20.0	20.0	20.0	20.0	20.0	20.0
IKBKE	287.79	187.66	152.26	140.64	183.62	158.71	127.37	154.77	109.36	196.51	193.63	101.35
IKZF1	2283.62	2139.27	2520.7	1599.19	1838.46	2145.06	1793.92	2295.58	1776.25	1492.75	1966.22	2019.8
IL10	20.0	20.0	24.44	20.0	20.0	20.0	20.0	20.0	20.0	57.2	103.99	26.6
IL10RA	2637.83	2163.16	2693.64	1613.68	1172.96	2428.82	1253.39	1411.7	1390.18	1272.25	1564.61	1434.7
IL12A	63.01	92.12	25.38	43.5	20.0	20.0	46.03	27.73	29.0	31.37	28.69	32.35
IL12B	20.0	20.0	20.0	20.0	20.0	20.0	20.0	20.0	20.0	115.32	119.53	165.32
IL15	103.88	109.18	46.99	65.24	45.63	69.83	44.95	77.83	47.22	102.41	155.39	136.57
IL15RA	20.0	20.0	20.0	46.4	22.26	27.93	20.0	30.42	20.0	62.74	46.62	62.53
IL17RA	451.28	460.61	390.98	262.42	346.1	349.79	214.07	352.48	249.37	318.29	432.69	405.4
IL18	107.28	92.12	87.41	72.49	36.72	64.12	61.01	42.94	53.02	66.43	43.03	58.22
IL18R1	674.36	719.92	483.09	587.19	852.46	903.35	734.26	885.67	791.19	1037.91	946.66	1303.16
IL1A	35.76	20.0	23.5	200.08	54.53	131.41	77.07	42.94	96.93	463.14	683.7	341.42
IL1B	219.68	279.78	187.03	1214.97	302.7	646.88	525.54	311.33	627.98	4045.55	4957.99	3537.88
IL1R1	35.76	20.0	23.5	39.15	28.93	45.07	43.88	34.89	34.8	26.76	32.27	30.19
IL1RL1	20.0	20.0	20.0	20.0	20.0	20.0	22.48	20.58	20.0	47.97	69.33	94.16
IL1RN	68.12	85.3	20.0	140.64	20.0	60.31	35.32	20.0	31.48	76.57	50.2	62.53
IL2	20.0	20.0	20.0	20.0	20.0	20.0	20.0	30.42	20.0	20.0	20.0	20.0
IL21R	294.61	197.89	421.06	600.24	289.35	925.57	440.99	229.92	736.51	267.55	160.17	265.95
IL22	20.0	20.0	20.0	20.0	20.0	20.0	20.0	20.0	20.0	361.65	600.03	173.23
IL23A	45.98	20.0	20.0	65.24	56.76	44.44	115.6	87.67	68.76	192.82	384.88	166.04
IL25	20.0	20.0	20.0	20.0	20.0	20.0	20.0	20.0	20.0	20.0	20.0	20.0
IL27	66.41	20.0	20.0	31.9	20.0	20.0	22.48	23.26	20.0	31.37	31.08	20.0
IL27RA	214.57	177.42	195.49	216.03	206.99	282.5	177.68	183.4	328.08	339.51	418.35	406.83
IL3	56.2	98.95	23.5	44.95	45.63	203.14	34.25	44.73	42.25	50.74	58.57	43.13
IL33	86.85	105.77	27.26	40.6	20.0	23.49	35.32	48.31	22.37	40.59	45.42	22.28
IL3RA	71.52	20.0	61.09	46.4	62.32	133.95	82.42	71.57	116.81	214.96	139.85	186.17
IL4	45.98	20.0	20.68	29.0	22.26	20.0	32.11	31.31	20.0	29.52	41.83	20.0
IL4I1	166.89	150.12	68.61	287.07	206.99	382.8	203.37	177.13	166.52	164.22	349.02	161.73
IL4R	272.47	160.36	249.06	592.99	286.01	829.08	604.75	283.59	629.64	543.4	444.64	563.53
IL5	20.0	20.0	20.0	20.0	20.0	20.0	20.0	20.0	20.0	23.99	20.0	20.0
IL5RA	20.0	20.0	20.0	20.0	20.0	25.39	20.0	20.0	33.97	20.0	20.0	20.0
IL6	20.0	20.0	20.0	69.59	20.0	68.56	34.25	20.58	34.8	914.28	1428.35	799.29
IL6R	127.72	98.95	62.97	79.74	38.95	69.83	54.59	26.84	47.22	76.57	49.01	57.5
IL9	20.0	20.0	20.0	20.0	20.0	20.0	20.0	20.0	20.0	20.0	20.0	20.0
INSIG1	1013.24	1016.75	1078.02	1751.42	2396.01	2904.3	1971.6	1413.49	1578.24	991.78	1025.54	1078.9
INSR	20.0	20.0	20.0	20.0	20.0	20.0	20.0	20.0	20.0	20.0	20.0	20.0
IRF1	1221.0	685.8	937.04	868.46	770.11	1056.34	1439.63	917.88	1120.92	1423.55	2057.06	1684.84
IRF2	706.71	760.86	581.77	619.09	568.0	712.9	482.0	650.39	471.4	704.86	831.91	745.38
IRF4	241.82	266.13	255.0	597.34	800.0	1436.6	932.28	721.95	957.71	592.3	1123.56	718.79
IRF5	221.38	116.01	121.24	78.29	80.1	150.45	139.15	84.99	154.92	180.83	143.43	140.88
IRF8	245.22	177.42	178.57	523.4	539.74	1183.31	609.03	269.28	606.44	860.77	990.88	985.46
ISG15	257.14	177.42	95.87	658.23	211.45	150.45	344.65	220.97	121.79	1810.12	545.04	1524.55
ITGA4	643.71	600.5	517.86	553.84	467.41	530.71	472.03	426.73	502.05	437.31	507.99	407.55
ITGA5	1180.13	1102.05	2720.89	864.11	953.73	1292.5	657.0	655.75	1596.47	622.75	649.03	1444.05
ITGAL	5864.88	3889.59	5282.95	3911.7	3075.97	3826.06	3459.39	3689.39	3841.63	5159.11	3631.24	5640.34
ITGAM	672.66	446.96	284.78	619.09	156.91	360.58	509.0	267.49	387.73	498.2	687.28	398.93
ITGAX	1541.15	665.32	660.72	1330.96	421.78	1180.13	1361.49	834.68	1076.19	1073.89	565.36	747.54
ITGB1	2898.38	2681.77	5049.86	2689.47	1642.6	4704.66	2917.79	2004.83	4578.14	2004.78	2444.33	2765.9
ITGB2	2719.57	1610.43	1206.78	1503.5	648.8	1173.78	1959.82	1069.07	1503.68	1765.83	1629.16	1081.06
ITGB7	733.96	371.9	544.18	498.75	269.31	442.47	348.94	399.89	445.72	1293.47	731.51	1147.19
JAG1	52.79	20.0	24.44	73.94	28.93	58.4	66.36	38.47	44.74	20.3	32.27	26.6
JAK3	275.87	249.07	226.51	233.43	350.55	441.84	289.0	372.16	312.33	548.02	799.64	668.47
JAML	2115.03	4411.61	1515.05	417.56	4195.52	1157.91	1026.47	5993.92	785.39	160.53	400.42	112.85
JUN	1561.58	252.48	937.04	1580.34	910.33	1357.88	987.94	995.71	656.15	651.35	302.4	920.77
KALRN	20.0	20.0	20.0	20.0	20.0	20.0	20.0	20.0	20.0	27.68	26.3	21.56
KCNAB1	20.0	20.0	20.0	20.0	20.0	20.0	20.0	20.0	20.0	20.0	20.0	20.0
KIAA0101	34.06	20.0	21.62	78.29	105.72	59.04	34.25	43.84	26.51	66.43	25.1	28.03
KIF20A	20.0	20.0	20.0	20.0	34.5	23.49	20.0	52.78	20.0	20.0	20.0	20.0
KIT	134.53	105.77	151.32	20.0	66.77	119.98	57.8	118.98	139.18	59.05	49.01	61.82
KITLG	76.63	20.0	41.35	69.59	35.61	52.69	20.0	40.26	28.17	26.76	20.0	20.84
KLF10	364.43	201.3	1154.15	713.33	1174.08	1139.5	1830.31	750.58	2338.78	341.36	360.97	1981.7
KLK3	20.0	20.0	20.0	20.0	20.0	20.0	20.0	20.0	20.0	20.0	20.0	20.0
KLRK1	6775.94	8492.27	5456.82	4587.33	4601.72	8877.97	6484.22	6123.64	5670.07	2818.5	3934.84	2880.91
KRBA1	20.0	20.0	20.0	29.0	20.0	20.0	20.0	22.37	20.0	20.0	20.0	20.0
LAG3	245.22	208.13	192.67	200.08	162.48	293.29	229.06	333.69	295.76	873.69	790.08	1837.23
LAMB2	20.0	20.0	20.0	20.0	20.0	20.0	20.0	20.0	20.0	20.0	20.0	20.0
LAMB3	69.82	20.0	23.5	37.7	20.0	22.85	34.25	30.42	20.0	40.59	29.88	20.0
LAMP3	280.98	153.54	139.1	216.03	255.96	327.57	387.47	165.5	348.79	855.24	588.07	753.29
LAPTM5	6925.8	6325.7	8671.14	4729.41	6140.0	6510.72	4303.9	4982.11	4492.81	2168.08	3077.83	3238.86
LAT	606.24	416.25	698.32	420.46	538.63	546.58	331.0	436.57	382.75	384.72	522.33	421.21
LAT2	759.5	982.63	1277.27	729.27	481.87	872.88	716.07	374.84	934.52	1120.02	1317.19	1231.29
LDLR	49.38	20.0	42.29	60.89	48.97	42.53	65.29	36.68	50.54	232.49	197.22	240.08
LGALS3	2535.66	1214.64	1389.11	475.55	587.6	1136.33	489.15	766.69	518.62	786.04	784.1	626.07
LIF	20.0	20.0	20.0	105.84	112.4	210.13	41.74	71.57	74.56	2003.86	693.26	1104.06
LIPA	3887.78	1347.71	1577.08	416.11	550.87	1581.97	453.83	592.24	512.0	393.02	463.77	469.37
LOXL2	52.79	102.36	32.9	31.9	24.48	20.0	28.9	40.26	20.71	35.98	33.47	20.0
LPL	52.79	156.95	26.32	20.0	20.0	21.58	22.5	31.31	20.0	20.0	20.0	20.0
LRP5	42.57	20.0	20.0	20.0	28.93	20.95	20.0	37.57	20.0	23.99	20.0	20.0
LRP6	35.76	20.0	20.0	34.8	20.0	20.0	20.0	25.94	20.0	20.3	32.27	20.0
LST1	219.68	191.07	97.75	102.94	62.32	102.21	82.42	81.41	53.02	90.41	107.57	46.0
LTA	102.18	68.24	83.7	214.58	194.75	349.79	220.0	127.93	193.03	3978.2	4320.91	4273.2
LTA4H	1324.88	825.68	974.63	604.59	859.14	1040.47	780.0	902.67	885.64	480.67	736.29	470.09
LTB	257.14	552.73	160.72	446.55	780.12	796.07	280.43	1132.58	259.31	3230.9	9030.28	3254.68
LTB4R	172.0	78.47	139.1	107.29	115.74	123.16	99.5	134.19	79.53	68.27	64.54	73.32
LTB4R2	292.9	324.13	325.19	268.22	222.57	232.34	203.37	266.6	223.69	134.7	175.71	140.88
MAFF	132.83	116.01	115.6	216.03	125.75	213.3	218.35	85.88	225.34	219.58	236.66	288.95
MALT1	715.23	794.98	817.68	819.17	789.02	811.3	1007.21	765.79	1061.27	769.44	843.86	903.52
MAN2B1	389.97	191.07	290.42	218.93	185.85	359.31	223.7	272.86	246.06	206.66	225.91	227.14
MAP2K1	693.09	702.86	844.93	890.21	1021.61	1183.94	1316.54	1002.86	1169.8	925.36	1062.6	737.48
MAP2K2	694.79	569.79	646.62	549.49	634.34	663.39	591.91	683.49	598.16	500.96	558.19	531.19
MAP2K3	553.45	416.25	492.49	1087.39	682.19	1066.5	984.73	541.24	899.72	532.33	641.86	559.94
MAP2K4	301.42	313.9	388.16	265.32	269.31	330.11	371.41	279.12	410.92	259.25	338.26	345.74
MAP3K14	286.09	242.25	207.71	195.73	194.75	208.22	192.66	229.02	234.46	202.97	205.59	243.67
MAP3K4	514.28	474.26	577.07	629.24	534.18	402.48	603.68	503.67	512.82	379.18	345.43	302.61
MAPK11	47.68	20.0	20.0	36.25	75.68	75.54	23.55	109.14	43.91	59.97	60.96	54.63
MAPK12	20.0	20.0	20.0	20.0	20.0	20.0	20.0	20.0	20.0	20.0	20.0	20.0
MAPK13	328.66	242.25	244.36	173.98	119.08	270.43	362.85	259.44	323.1	143.92	209.17	163.88
MAPK14	1280.6	1142.99	1298.89	1213.53	967.08	1060.79	1464.25	1234.57	1423.32	882.92	896.45	840.98
MARCKSL1	166.89	81.89	120.3	582.84	744.51	436.12	174.47	291.64	218.72	146.69	143.43	190.48
MARCO	39.17	20.0	20.0	20.0	20.0	20.0	20.0	26.84	20.0	20.0	20.0	20.0
MERTK	240.11	129.65	220.87	20.0	20.0	20.0	29.97	20.58	20.0	20.0	20.0	20.0
MET	20.0	20.0	20.0	37.7	20.0	20.0	23.55	20.0	23.2	47.97	32.27	33.06
MIF	550.05	1074.75	472.75	2311.06	3607.92	2368.52	2912.44	3447.85	2639.52	1317.45	1828.77	1511.61
MMP1	37.46	20.0	21.62	30.45	35.61	21.58	70.64	27.73	84.5	59.05	27.49	124.35
MMP12	20.0	20.0	20.0	20.0	20.0	20.0	20.0	40.26	28.17	20.0	20.0	20.0
MMP13	20.0	20.0	20.0	20.0	20.0	20.0	20.0	20.0	20.0	20.0	20.0	20.0
MMP19	127.72	146.71	51.69	92.79	54.53	106.02	40.67	55.47	39.77	65.5	66.94	49.6
MMP8	20.0	20.0	20.0	20.0	20.0	20.0	20.0	20.0	20.0	20.0	20.0	20.0
MMP9	536.42	2043.74	119.36	39.15	102.38	327.57	174.47	283.59	312.33	108.87	511.58	80.5
MOK	47.68	20.0	24.44	46.4	20.0	20.0	32.11	20.0	42.25	32.29	31.08	37.38
MPEG1	873.6	709.68	427.64	91.34	86.8	217.74	52.45	54.57	38.11	59.05	75.3	35.94
MPO	20.0	75.06	21.62	20.0	20.0	20.0	20.0	20.0	20.0	20.3	28.69	20.0
MRC1	366.13	368.49	202.07	29.0	83.47	483.73	113.46	168.19	193.86	20.0	65.74	25.88
MRC2	20.0	20.0	20.0	29.0	80.13	62.85	20.0	104.67	20.71	28.6	20.0	20.0
MS4A1	126.02	85.3	93.99	30.45	35.61	103.48	85.63	31.31	45.57	117.17	57.37	76.91
MSC	66.41	78.47	52.63	52.19	52.3	84.43	58.87	91.25	62.96	118.09	178.1	140.16
MSH2	265.66	392.37	282.9	189.93	152.46	186.64	176.61	271.07	212.92	441.92	333.48	291.11
MX1	650.52	330.96	325.19	1635.43	478.53	429.14	617.6	351.58	257.66	6910.18	1503.65	5711.5
MX2	279.28	214.95	183.27	363.91	176.95	153.63	192.66	164.61	133.38	698.4	289.26	698.66
MYC	178.81	214.95	115.6	403.06	396.18	958.58	397.1	347.11	440.75	395.79	437.47	281.77
MYD88	524.5	487.9	586.47	462.5	434.02	548.49	315.76	432.1	387.73	638.43	684.89	786.36
MYH4	20.0	20.0	20.0	20.0	20.0	20.0	20.0	20.0	20.0	20.0	20.0	20.0
MYOD1	63.01	20.0	20.0	44.95	20.0	20.0	26.76	23.26	20.0	40.59	37.05	25.16
NAMPT	890.63	460.61	443.61	1465.8	938.15	1867.01	1772.51	986.76	1504.51	1794.43	2184.96	1667.59
NCF2	580.7	361.66	288.54	117.44	62.32	278.69	131.65	166.4	164.04	366.27	234.27	258.05
NCOR1	2024.78	2135.86	2579.91	1609.33	1665.97	1703.22	1785.35	1750.76	1695.88	1564.71	1580.15	1333.35
NDC80	20.0	20.0	20.0	75.39	86.8	41.9	21.41	90.36	43.08	55.36	23.91	21.56
NDUFA7	407.0	392.37	392.86	463.95	582.03	457.71	320.04	357.85	336.36	405.94	378.9	408.99
NFATC1	202.65	170.6	148.5	192.83	191.41	232.34	253.67	221.86	186.41	135.62	141.04	102.07
NFATC2	2459.02	1995.97	2792.32	2386.45	1502.37	1538.81	1955.54	1505.64	1679.32	1369.12	1592.1	1728.69
NFIL3	330.37	829.1	283.84	1097.54	744.51	1008.1	1652.63	952.77	631.3	830.33	940.68	797.86
NFKB1	279.28	252.48	310.15	1164.23	697.77	1270.28	759.95	440.15	1019.85	759.29	830.71	817.98
NFKBIA	3986.55	1893.62	2849.65	9303.69	6166.41	14631.98	18698.05	4431.03	9576.32	9088.41	12787.03	10528.11
NFKBIE	427.43	259.31	366.55	439.3	339.43	516.74	702.15	470.57	536.02	524.95	558.19	626.78
NFKBIZ	674.36	402.61	322.37	1362.86	748.96	925.57	1826.03	590.45	697.57	1397.72	2510.07	784.92
NFYC	313.34	406.02	386.28	207.33	212.56	269.16	209.79	234.39	253.51	286.92	337.07	355.08
NGF	20.0	20.0	20.0	20.0	20.0	20.0	20.0	20.0	20.0	22.14	20.0	20.0
NKG7	13260.68	11750.65	13816.87	17390.96	9685.31	16088.26	19745.93	9295.95	11824.8	15148.88	14703.05	16838.36
NLRP3	71.52	20.0	68.61	102.94	54.53	79.35	53.52	66.2	64.62	33.21	100.4	40.97
NMB	95.36	95.53	38.53	130.49	111.29	80.62	67.43	152.98	65.45	50.74	96.82	56.07
NOD1	214.57	232.01	145.68	147.88	131.32	130.14	143.43	180.71	103.56	178.98	170.92	170.35
NOD2	95.36	85.3	62.97	130.49	67.89	46.98	84.56	73.36	57.99	86.72	62.15	64.69
NOS2	45.98	20.0	20.0	39.15	20.0	20.0	32.11	27.73	20.0	33.21	20.0	20.0
NOX1	20.0	20.0	20.0	20.0	20.0	20.0	20.0	20.0	20.0	20.0	20.0	20.0
NOX3	20.0	20.0	20.0	20.0	20.0	20.0	20.0	20.0	20.0	20.0	20.0	20.0
NOX4	20.0	20.0	20.0	20.0	20.0	20.0	20.0	27.73	20.0	20.0	20.0	20.0
NR1H3	20.0	20.0	33.83	20.0	20.0	34.28	22.48	31.31	20.0	23.99	25.1	20.0
NR2F6	81.74	85.3	63.91	84.09	69.0	68.56	73.85	87.67	52.19	52.59	60.96	44.56
NR4A2	335.48	143.3	38.53	832.21	440.7	671.01	1523.12	214.71	581.59	145.77	204.39	128.66
NRIP3	42.57	20.0	20.0	69.59	20.0	20.0	68.5	20.0	49.71	27.68	20.0	30.19
OLR1	137.94	20.0	127.82	117.44	34.5	89.51	57.8	23.26	36.45	20.0	20.0	20.0
OSM	20.0	20.0	20.0	34.8	20.0	20.0	20.0	20.0	20.0	99.64	71.72	40.97
P2RX1	20.0	20.0	20.0	20.0	20.0	20.0	20.0	20.0	20.0	20.0	20.0	20.0
PBX1	44.28	20.0	21.62	20.0	20.0	20.0	33.18	20.58	20.0	20.0	20.0	20.0
PBX3	105.58	122.83	78.01	46.4	90.14	67.29	76.0	72.46	57.99	48.9	57.37	37.38
PDCD1	52.79	88.71	20.0	53.64	20.0	20.0	28.9	26.84	20.0	31.37	41.83	20.0
PDCD1LG2	20.0	20.0	20.0	20.0	20.0	36.82	20.0	20.0	20.0	20.0	41.83	28.03
PDE4A	156.67	221.77	166.36	310.27	190.3	315.51	284.71	189.66	367.84	632.89	729.12	411.87
PDGFA	20.0	20.0	20.0	20.0	20.0	20.95	22.48	22.37	49.71	29.52	20.0	23.0
PDGFB	20.0	20.0	20.0	20.0	20.0	20.0	20.0	20.0	20.0	20.0	20.0	20.0
PDGFRA	20.0	20.0	20.0	20.0	20.0	20.0	20.0	20.0	20.0	20.0	20.0	20.0
PDZK1IP1	20.0	20.0	20.0	20.0	20.0	20.0	22.48	20.0	20.0	20.0	20.0	20.0
PELI1	265.66	296.84	321.43	533.55	357.23	482.46	910.87	334.59	494.6	281.39	331.09	378.8
PF4	20.0	20.0	20.0	20.0	20.0	20.0	20.0	20.0	20.0	20.0	20.0	20.0
PFDN6	539.83	484.49	413.54	497.3	722.25	606.89	335.02	564.5	478.86	757.44	687.28	672.79
PGGT1B	451.28	320.72	519.74	332.02	344.99	342.8	435.63	351.58	414.24	371.8	384.88	416.18
PGLYRP1	37.46	20.0	20.0	20.0	20.0	20.0	20.0	20.0	20.0	20.0	20.0	20.0
PHLDA2	35.76	20.0	20.0	20.0	20.0	22.85	32.11	20.58	29.83	27.68	29.88	23.72
PIK3CG	1748.9	1903.85	3062.06	1494.8	1296.49	1368.04	2046.52	1367.87	1938.63	1184.6	1410.42	1275.85
PIM2	442.76	388.96	294.18	1009.1	998.24	1399.78	1193.45	1221.15	777.94	1212.28	2600.91	1303.16
PLAU	165.18	102.36	510.34	115.99	178.06	215.84	124.16	109.14	371.16	320.14	65.74	539.81
PLAUR	105.58	85.3	81.77	124.69	64.55	97.13	81.35	104.67	78.7	126.39	182.88	115.73
PPARG	81.74	20.0	77.07	71.04	62.32	91.41	73.85	62.62	67.11	97.79	83.67	81.22
PRG2	20.0	20.0	20.0	20.0	20.0	40.63	57.8	28.63	38.11	20.0	20.0	20.0
PRG3	20.0	20.0	20.0	20.0	20.0	20.0	20.0	20.0	20.0	20.0	20.0	20.0
PRKCA	277.58	218.36	271.62	191.38	198.09	141.57	125.23	199.5	174.81	169.76	240.25	211.32
PRKCI	143.05	119.42	187.03	256.62	153.58	146.64	140.22	152.98	180.61	117.17	115.94	93.44
PROK2	35.76	20.0	444.55	20.0	20.0	292.65	28.9	40.26	273.4	25.83	27.49	178.98
PROS1	74.93	136.48	51.69	94.24	77.9	41.26	55.66	63.52	26.51	42.44	41.83	23.72
PRRX1	45.98	78.47	22.56	20.0	23.37	20.0	21.41	25.05	20.71	23.99	20.0	20.0
PSMB8	1839.16	1647.96	1662.61	1803.61	2014.29	2130.46	1973.74	1631.78	1738.14	3305.63	2587.76	3076.42
PSMB9	1920.9	1668.43	2315.81	1586.14	1829.56	2586.26	1788.57	2195.39	2001.59	3303.79	3395.77	4371.68
PSME2	1582.02	921.22	1112.79	1900.75	1683.77	1880.34	987.94	1393.81	1308.16	4715.34	3867.9	5446.98
PTAFR	146.45	102.36	82.71	59.44	32.27	171.4	28.9	43.84	34.8	68.27	99.21	72.6
PTGDR	325.26	293.43	167.29	98.59	91.26	158.71	144.5	170.87	89.48	101.48	198.42	35.94
PTGDR2	20.0	20.0	21.62	20.0	34.5	22.22	20.0	25.05	20.0	20.0	20.0	20.0
PTGDS	315.04	174.01	71.43	442.2	90.14	85.7	120.95	63.52	36.45	150.38	65.74	44.56
PTGER2	870.2	1282.88	595.87	874.26	969.31	1618.16	1188.1	1349.08	769.65	2496.52	4643.63	2060.77
PTGS1	76.63	20.0	62.97	20.0	22.26	33.65	20.0	25.94	20.0	20.0	20.0	20.0
PTGS2	20.0	20.0	20.0	46.4	20.0	39.36	50.31	27.73	24.03	92.26	223.52	79.79
PTPN14	20.0	20.0	20.0	20.0	20.0	20.0	20.0	20.0	20.0	20.0	20.0	20.0
PTPRB	63.01	150.12	108.08	118.89	129.09	62.21	90.98	215.6	55.51	36.9	99.21	20.84
PTPRC	2935.84	3285.68	2423.9	2909.85	2271.37	2204.1	2489.65	2269.64	2004.91	1766.75	2740.76	1735.88
PTPRK	61.31	20.0	20.68	37.7	22.26	20.0	38.53	42.94	20.0	72.88	27.49	51.03
PTX3	45.98	20.0	30.08	33.35	20.0	20.0	20.0	20.0	20.0	20.0	20.0	20.0
RAB20	158.37	194.48	74.25	133.39	96.82	227.27	55.66	147.61	57.99	67.35	101.6	54.63
RAB3D	168.59	225.19	107.14	52.19	50.08	53.96	73.85	86.78	58.82	72.88	147.02	43.13
RAD51	20.0	20.0	20.0	66.69	104.61	34.92	20.0	34.0	20.0	91.34	20.0	43.13
RAF1	779.94	992.87	931.4	710.43	726.7	812.57	1087.48	792.63	1009.08	802.65	851.03	938.02
RAPGEF4	20.0	20.0	20.0	20.0	20.0	20.0	20.0	20.0	20.0	20.0	20.0	20.0
RASAL1	214.57	116.01	71.43	65.24	69.0	59.04	51.38	96.62	91.96	55.36	54.98	31.63
RASGRF2	35.76	85.3	20.68	20.0	41.18	20.0	29.97	52.78	27.34	32.29	33.47	20.0
RETNLB	40.87	20.0	20.0	20.0	20.0	20.0	24.62	20.0	20.0	20.0	23.91	20.0
RGS1	202.65	136.48	152.26	714.78	717.8	901.45	1527.4	400.79	875.7	528.64	693.26	535.5
RGS6	83.44	75.06	20.0	43.5	20.0	20.0	31.04	24.15	21.54	38.75	39.44	20.0
RHOC	563.67	324.13	395.68	784.37	787.91	730.68	661.48	614.6	574.13	643.97	715.97	568.56
RHOG	481.93	375.31	350.57	679.98	593.16	901.45	718.21	602.97	660.29	532.33	616.76	508.9
RHOJ	20.0	20.0	20.0	20.0	20.0	20.0	20.0	20.0	20.0	20.0	20.0	20.0
RICTOR	616.46	801.8	852.45	701.73	615.42	632.28	1320.82	778.32	985.88	500.96	554.61	542.69
RIPK2	255.44	269.54	209.59	484.25	291.57	520.55	604.75	305.96	455.66	480.67	628.71	463.62
RNASE2	20.0	20.0	20.0	20.0	20.0	20.0	20.0	20.0	20.0	20.0	20.0	20.0
RNASE3	20.0	20.0	20.0	20.0	20.0	20.0	20.0	20.0	20.0	20.0	20.0	20.0
RND3	20.0	20.0	20.0	20.0	20.0	20.0	20.0	20.0	20.0	20.0	20.0	20.0
ROS1	20.0	20.0	20.0	20.0	20.0	20.0	20.0	26.84	20.0	20.0	20.0	20.0
RUNX2	35.76	20.0	20.0	20.0	20.0	24.76	20.0	49.2	20.71	20.0	20.0	20.0
S100A10	957.04	829.1	844.93	1471.6	872.49	1242.98	1431.07	1052.96	1249.34	766.67	1019.57	951.68
S100A4	4221.55	3063.9	3706.81	2090.68	1491.25	2898.59	1866.7	2406.52	2135.8	2159.78	2802.91	2742.9
S100A8	1006.43	272.95	904.14	114.54	136.88	265.36	38.53	60.83	62.14	116.25	96.82	84.1
S100A9	1617.78	784.74	1357.16	289.97	267.09	780.83	159.48	128.82	155.75	422.55	396.83	460.03
S1PR1	355.91	259.31	313.91	181.23	121.3	187.91	199.09	144.93	244.4	92.26	70.52	112.85
SAA1	20.0	20.0	20.0	20.0	20.0	20.0	20.0	20.0	20.0	20.0	20.0	20.0
SCIN	51.09	20.0	20.0	20.0	20.0	20.0	20.0	22.37	20.0	22.14	20.0	20.0
SELE	20.0	20.0	20.0	20.0	20.0	20.0	20.0	20.0	20.0	20.0	20.0	20.0
SELL	962.15	341.19	430.46	485.7	220.35	801.78	415.3	229.92	359.56	532.33	142.24	513.22
SELP	20.0	20.0	20.0	20.0	20.0	20.0	20.0	20.0	20.0	20.0	20.0	20.0
SELPLG	132.83	95.53	220.87	84.09	101.27	101.57	117.74	115.41	120.13	79.34	63.35	149.51
SEMA4A	71.52	20.0	44.17	73.94	120.19	93.95	20.0	89.46	45.57	71.96	62.15	51.03
SEMA4B	64.71	20.0	60.15	65.24	30.05	50.15	39.6	47.41	53.02	47.05	45.42	40.25
SEMA5A	20.0	20.0	20.0	20.0	20.0	20.0	20.0	20.0	20.0	20.0	20.0	20.0
SEMA6D	20.0	20.0	20.0	20.0	20.0	20.0	20.0	20.0	20.0	20.0	20.0	20.0
SERPINB2	664.14	1091.81	584.59	324.77	186.96	92.68	402.45	111.83	289.14	2241.89	1627.96	2621.42
SERPINB9	1307.85	1054.28	961.48	2846.06	2132.26	4620.23	2204.93	1523.53	2323.04	2586.01	1865.82	2505.7
SERPINE1	49.38	20.0	63.91	153.68	64.55	127.6	62.08	76.94	100.25	20.0	28.69	46.72
SERPINE3	59.6	20.0	20.0	30.45	20.0	20.0	33.18	25.94	21.54	25.83	20.0	20.0
SFRP4	20.0	20.0	20.0	20.0	20.0	20.0	20.0	20.0	20.0	20.0	20.0	20.0
SGPP1	408.7	361.66	449.25	346.51	320.51	308.52	318.97	301.49	334.7	405.02	462.57	395.33
SIGLEC1	126.02	88.71	20.0	44.95	28.93	20.0	29.97	47.41	20.0	32.29	39.44	20.0
SIGLEC5	39.17	20.0	21.62	30.45	20.0	21.58	27.83	29.52	24.85	32.29	37.05	23.72
SIRPA	492.15	303.66	293.24	117.44	87.92	317.41	89.91	88.57	130.9	143.0	186.46	126.51
SKI	716.93	573.2	2300.78	824.97	807.94	997.94	685.03	411.52	1143.29	539.71	784.1	1435.42
SKIL	737.37	545.91	2297.02	1246.87	948.17	1256.95	1272.65	432.99	2105.98	723.31	613.17	1816.38
SLC16A6	338.88	412.84	361.85	205.88	202.54	330.11	262.24	313.12	193.03	320.14	481.69	265.23
SMAD1	49.38	20.0	28.2	20.0	34.5	40.63	33.18	47.41	24.85	49.82	27.49	24.44
SMAD2	1031.97	1180.52	1070.5	1123.63	1103.97	1025.87	1120.66	991.23	1130.04	795.27	876.13	849.61
SMAD7	1375.96	2255.28	4094.97	1404.91	1342.12	1603.56	2787.21	1256.93	3738.9	1138.47	1375.76	3201.49
SMARCD3	165.18	112.59	227.45	63.79	196.98	82.53	46.03	82.3	33.97	30.45	29.88	20.0
SOCS1	187.32	102.36	275.38	458.15	380.6	423.43	526.62	315.8	613.07	2382.12	1643.5	1904.07
SOCS2	61.31	20.0	32.9	361.01	408.42	270.43	127.37	194.13	96.93	816.49	4637.66	708.01
SOCS3	100.47	85.3	31.96	237.78	158.03	191.08	180.89	186.97	111.02	331.21	651.42	352.21
SP4	487.04	528.85	448.31	305.92	360.57	342.17	422.79	434.78	381.93	531.41	582.1	424.8
SPHK1	20.0	20.0	25.38	37.7	24.48	43.8	37.46	22.37	38.11	34.14	25.1	35.22
SPRY2	170.29	474.26	179.51	253.72	320.51	592.29	423.86	264.81	568.33	216.81	478.11	364.43
SPTBN1	1181.83	709.68	765.99	1403.46	1220.82	1102.68	1211.64	899.09	1063.76	444.69	341.85	247.98
SQSTM1	1818.72	2023.27	1920.13	2108.08	1948.63	2308.21	2734.76	2267.85	2337.12	2044.45	2888.97	2631.49
STAB1	172.0	109.18	98.69	36.25	20.0	29.84	23.55	26.84	20.0	29.52	23.91	20.0
STAT1	5399.98	2279.16	3321.46	2833.01	2241.32	3505.48	2183.53	3487.21	1970.94	11429.01	11228.39	11970.72
STAT3	953.64	1044.05	984.97	1481.75	1425.59	1491.83	1468.53	1491.32	1468.88	1490.9	2205.28	1942.89
STAT4	2261.49	2804.6	2489.69	2991.04	2486.15	2220.6	2599.9	2429.77	2535.96	2581.4	3416.09	2525.83
STAT5A	733.96	515.2	633.47	1664.43	1758.33	1899.38	1182.74	1500.27	1531.85	831.25	995.66	1029.31
STAT5B	779.94	839.33	829.9	1201.93	1155.16	1023.33	1192.38	1175.52	1115.12	439.15	543.85	463.62
STAT6	1157.99	1214.64	769.74	861.21	852.46	1276.62	802.77	1152.26	874.87	612.6	853.42	582.22
STK17A	3162.33	3022.96	5100.62	3018.59	2828.91	3863.52	4363.84	2921.81	4820.89	2079.51	2573.42	2890.97
SYK	459.79	511.79	361.85	231.98	130.21	257.1	379.98	305.96	300.74	243.56	310.77	153.1
TAP1	466.6	406.02	423.88	588.64	457.39	698.94	645.42	502.77	684.32	972.41	1019.57	1287.35
TAP2	430.84	279.78	340.23	426.26	321.62	432.95	343.58	318.48	341.33	698.4	628.71	957.43
TAPBP	1501.98	1603.6	1583.66	1950.05	1588.07	2079.67	1517.77	1458.22	1376.92	2466.08	2926.03	3064.92
TEP1	257.14	180.83	247.18	182.68	158.03	161.88	143.43	188.76	138.36	169.76	169.73	163.88
TFCP2	386.56	368.49	330.83	274.02	206.99	265.36	216.21	253.18	238.6	372.73	356.19	295.42
TGFA	93.66	92.12	71.43	72.49	73.45	67.93	55.66	54.57	39.77	84.88	72.91	43.13
TGFB1	1912.39	1245.35	2583.67	2395.15	1655.95	1926.05	1758.6	896.4	2432.4	1116.33	1118.78	1589.24
TGFBR3	1299.33	1726.43	1140.99	1230.92	774.56	938.9	1453.54	884.77	874.04	1096.96	1582.54	1198.94
TGM2	35.76	20.0	20.0	20.0	20.0	20.0	20.0	20.0	30.65	34.14	20.0	20.0
THBD	117.5	98.95	53.57	43.5	20.0	36.82	70.64	26.84	60.48	64.58	51.4	52.47
TIGIT	812.3	910.98	300.76	582.84	544.19	675.45	675.39	679.91	338.85	955.8	1227.54	470.09
TIMD4	20.0	20.0	20.0	20.0	20.0	20.0	31.04	20.0	20.0	20.0	27.49	20.0
TIMP3	56.2	78.47	26.32	20.0	20.0	20.0	21.41	20.0	20.0	20.0	20.0	20.0
TLR1	681.17	631.21	646.62	276.92	299.36	419.62	432.42	325.64	302.39	232.49	329.9	219.95
TLR10	69.82	20.0	22.56	31.9	23.37	22.22	49.24	33.1	20.71	32.29	44.23	20.0
TLR2	243.52	214.95	262.22	394.36	110.17	323.76	166.98	74.25	163.21	178.98	139.85	161.73
TLR3	85.15	136.48	46.99	76.84	44.51	34.28	33.18	51.89	29.0	80.27	109.97	56.07
TLR4	131.13	68.24	56.39	20.0	25.6	26.66	20.0	23.26	20.0	20.0	20.0	20.0
TLR5	61.31	20.0	31.02	39.15	25.6	27.3	25.69	38.47	20.0	20.0	20.0	20.0
TLR6	110.69	150.12	153.2	20.0	46.74	78.72	50.31	64.41	72.91	24.91	49.01	38.1
TLR7	66.41	20.0	20.0	37.7	20.0	20.95	20.0	25.05	20.0	26.76	34.66	20.0
TLR8	117.5	85.3	71.43	37.7	44.51	83.16	33.18	50.1	21.54	48.9	72.91	33.06
TLR9	76.63	20.0	26.32	33.35	20.0	20.0	41.74	38.47	28.17	23.99	44.23	20.0
TM7SF3	589.21	525.44	500.95	761.17	598.72	518.01	396.03	485.78	426.66	428.08	365.75	289.67
TMEM173	223.08	184.24	201.13	178.33	172.49	177.11	112.39	144.93	118.47	108.87	136.26	166.76
TNC	20.0	20.0	20.0	20.0	20.0	20.0	20.0	20.0	20.0	23.06	20.0	20.0
TNF	235.0	399.19	278.2	726.38	961.52	2295.51	548.02	696.91	514.48	2212.36	3767.5	2384.94
TNFAIP3	6874.71	4554.91	4488.77	10686.85	9569.57	9534.37	11793.18	6355.35	8027.08	4148.88	4042.41	5787.69
TNFAIP6	80.04	71.65	32.9	50.74	32.27	50.15	26.76	36.68	23.2	89.49	138.65	69.72
TNFAIP8	451.28	658.5	360.91	507.45	667.72	867.17	591.91	698.69	628.81	717.77	827.13	968.93
TNFRSF11A	156.67	95.53	148.5	160.93	115.74	182.83	227.99	146.72	337.19	81.19	65.74	97.04
TNFRSF12A	39.17	20.0	28.2	29.0	32.27	41.26	25.69	27.73	41.42	28.6	34.66	58.22
TNFRSF14	137.94	78.47	99.63	79.74	71.22	95.22	110.25	126.14	76.22	101.48	90.84	79.79
TNFRSF1A	749.29	835.92	936.1	448.0	544.19	656.4	409.95	617.28	579.93	460.37	539.07	633.97
TNFRSF1B	594.32	771.09	437.03	938.05	535.29	861.45	905.52	568.08	726.57	929.97	1325.56	990.49
TNFRSF4	20.0	20.0	20.0	20.0	24.48	29.2	42.81	28.63	34.8	23.99	53.79	20.0
TNFRSF8	20.0	75.06	20.0	36.25	41.18	30.47	24.62	29.52	30.65	37.83	20.0	22.28
TNFRSF9	76.63	20.0	37.59	397.26	1001.58	2365.34	713.93	1135.27	1519.42	659.65	901.24	648.35
TNFSF10	507.47	545.91	800.76	1062.74	1246.41	1082.37	422.79	1134.37	647.04	5161.88	4197.8	2722.77
TNFSF4	192.43	153.54	184.21	208.78	143.56	303.44	153.06	134.19	363.7	719.62	390.85	513.93
TNFSF9	98.77	126.24	45.11	371.16	309.38	368.2	175.54	424.94	237.77	66.43	154.19	134.41
TOP2A	34.06	20.0	25.38	421.91	604.29	232.98	44.95	216.5	92.79	306.3	50.2	74.75
TPSAB1	20.0	20.0	20.0	20.0	20.0	20.0	20.0	20.0	20.0	20.0	20.0	20.0
TRAF1	754.4	597.09	537.6	1942.8	2191.24	4657.04	2271.3	2204.33	2854.09	2324.0	2683.39	2346.85
TRAF2	301.42	218.36	246.24	336.37	420.66	514.84	412.09	446.41	596.5	572.0	513.97	762.64
TRAF6	560.26	562.97	679.52	559.64	490.78	515.47	758.88	504.56	642.9	477.9	541.46	664.16
TRAFD1	648.81	532.26	644.74	687.23	628.77	869.07	641.14	618.18	703.37	1722.47	1686.53	2296.53
TREM1	42.57	20.0	20.0	92.79	20.0	24.12	61.01	20.0	56.34	33.21	27.49	59.66
TREM2	148.15	119.42	36.65	20.0	20.0	39.99	20.0	23.26	20.0	20.0	20.0	20.0
TREX1	185.62	105.77	149.44	205.88	150.24	182.83	200.16	185.19	178.95	406.86	255.79	306.92
TSPAN8	20.0	20.0	20.0	20.0	20.0	20.0	20.0	20.0	20.0	20.0	20.0	20.0
TTK	20.0	20.0	20.0	255.17	252.62	98.4	33.18	144.93	54.68	112.56	33.47	63.97
TUBA1A	20.0	20.0	20.0	20.0	20.0	20.0	20.0	20.0	20.0	23.06	20.0	20.0
TUBA4A	216.27	221.77	203.95	539.34	343.88	459.61	327.53	311.33	323.1	591.38	577.32	421.21
TWISTNB	187.32	245.66	267.86	347.96	319.39	316.78	446.34	254.07	413.41	360.73	431.49	400.37
TXN	1859.6	924.63	1023.51	2293.66	2976.93	3082.69	1790.71	2257.11	2319.72	7917.65	6330.16	7614.85
TXNDC16	279.28	341.19	312.97	303.02	181.4	192.99	250.46	195.03	227.83	108.87	164.95	162.45
TYROBP	8204.7	6711.25	7152.33	2998.29	2944.65	5776.87	3877.9	3408.48	3298.15	2529.73	3300.15	2328.88
USP18	47.68	20.0	25.38	60.89	22.26	29.2	34.25	40.26	20.0	185.44	62.15	155.98
VAMP2	888.93	1105.46	1208.66	684.33	668.83	863.99	1357.21	950.98	1087.79	508.35	745.85	690.04
VASP	861.68	620.97	670.12	787.27	844.67	1314.71	596.19	700.48	845.87	1676.34	1633.94	1411.7
VAV1	814.0	610.73	680.46	635.03	494.11	601.18	527.69	543.03	580.76	848.78	1000.44	802.17
VAV2	73.23	20.0	43.23	33.35	87.92	53.96	32.11	76.94	44.74	54.43	63.35	35.94
VCAM1	20.0	20.0	20.0	20.0	30.05	32.38	58.87	71.57	58.82	118.09	31.08	29.47
VEGFA	66.41	409.43	43.23	938.05	734.49	799.24	748.18	1730.19	652.84	183.59	320.33	58.22
VEGFC	20.0	20.0	20.0	43.5	42.29	23.49	20.0	38.47	20.0	20.0	20.0	20.0
VRK2	229.89	201.3	282.9	210.23	166.93	206.32	200.16	195.92	237.77	300.76	277.3	351.49
VTCN1	20.0	20.0	20.0	20.0	20.0	20.0	20.0	20.0	20.0	20.0	20.0	20.0
VWA5A	80.04	85.3	75.19	55.09	34.5	49.52	58.87	41.15	58.82	35.98	41.83	39.53
WAS	882.12	556.14	790.42	579.94	612.08	633.55	458.11	608.34	470.57	617.21	711.19	609.53
XCR1	20.0	20.0	20.0	20.0	20.0	20.0	20.0	20.0	20.0	20.0	20.0	20.0
YAP1	49.38	20.0	20.0	20.0	20.0	24.76	20.0	32.21	20.0	20.0	20.0	20.0
YES1	1084.76	818.86	654.14	1568.74	760.09	694.49	2638.43	890.14	1038.08	1236.27	1993.71	748.26
ZFP92	80.04	71.65	52.63	59.44	44.51	36.18	37.46	60.83	43.08	71.04	117.14	102.07
ZNF148	694.79	825.68	792.3	577.04	595.39	615.78	688.24	723.74	621.35	595.07	705.21	638.28
ZNRF2	1353.83	1354.53	1302.65	914.86	864.7	856.37	1180.6	1031.49	992.51	852.47	972.95	820.86
ABCF1	614.76	559.55	505.64	704.63	649.92	782.73	972.95	595.81	798.65	923.51	1035.11	966.05
AGK	534.72	450.37	406.02	765.52	684.41	750.99	1016.84	758.63	763.85	1079.43	996.86	770.54
ALAS1	119.2	102.36	52.63	69.59	72.34	62.85	56.73	81.41	64.62	80.27	88.45	58.94
AMMECR1L	253.74	238.83	233.09	308.82	240.38	254.56	318.97	280.91	333.87	286.92	233.08	316.27
CC2D1B	488.74	467.43	574.25	371.16	367.25	407.55	313.61	439.26	318.13	424.39	596.44	470.09
CNOT10	236.71	300.25	250.0	263.87	292.68	260.91	222.63	293.43	259.31	273.09	246.23	206.29
CNOT4	488.74	583.44	621.25	501.65	428.45	485.64	631.51	505.46	636.27	443.76	534.29	621.03
COG7	291.2	317.31	293.24	266.77	199.2	224.09	271.87	271.07	288.31	233.41	234.27	224.98
DDX50	561.97	675.56	594.93	606.04	624.32	647.52	613.31	701.38	604.79	546.17	672.94	524.72
DHX16	158.37	133.06	164.48	131.94	161.37	151.72	87.77	128.82	120.13	141.16	114.75	122.19
DNAJC14	108.99	126.24	134.4	94.24	115.74	121.25	86.7	110.93	107.7	118.09	151.8	97.76
EDC3	367.83	348.02	451.13	285.62	293.8	321.22	254.74	336.38	383.58	416.09	401.61	443.49
EIF2B4	488.74	549.32	467.11	490.05	456.28	488.18	405.66	462.52	416.72	390.25	443.45	408.99
ERCC3	194.13	191.07	192.67	162.38	143.56	171.4	176.61	169.98	193.86	172.52	152.99	175.38
FCF1	1631.4	1719.61	1534.79	1323.71	1234.17	1324.24	1382.9	1587.94	1233.6	1016.69	1122.36	999.12
G6PD	905.96	556.14	541.36	637.93	636.56	627.84	422.79	511.72	465.6	1479.83	1441.5	1360.67
GPATCH3	81.74	85.3	69.55	53.64	45.63	50.79	92.05	44.73	61.31	49.82	53.79	58.22
GUSB	776.53	696.03	672.94	838.01	743.4	677.99	552.3	618.18	531.88	695.63	540.26	577.19
HDAC3	357.61	382.13	357.15	381.31	369.47	342.17	345.73	378.42	353.76	276.78	300.01	299.02
HPRT1	369.53	378.72	339.29	865.56	1039.42	900.81	731.05	825.73	802.79	896.75	696.84	731.73
MRPS5	895.74	750.62	707.71	726.38	785.69	818.92	729.98	931.29	787.05	833.1	770.95	705.13
MTMR14	449.57	385.55	439.85	295.77	272.65	299.64	458.11	298.8	445.72	248.18	322.72	333.52
NOL7	521.1	576.61	551.7	679.98	811.28	720.52	729.98	730.9	686.8	893.99	891.67	956.71
NUBP1	536.42	467.43	508.46	269.67	353.89	443.1	413.16	336.38	419.21	472.36	551.02	631.1
POLR2A	716.93	484.49	516.92	1106.24	578.69	655.77	924.79	641.44	784.56	594.15	486.48	598.75
PPIA	8632.13	6298.4	7245.38	13759.08	14827.88	10861.78	8674.17	8862.95	8730.45	12803.67	9806.02	13118.62
PRPF38A	1156.29	1194.17	1447.38	1464.35	1415.57	1399.78	1709.36	1434.07	1542.62	1264.87	1410.42	1414.58
SAP130	395.08	344.6	495.31	307.37	331.64	336.45	384.26	331.9	420.04	396.71	389.66	455.71
SDHA	252.03	341.19	444.55	326.22	360.57	413.27	324.32	416.0	359.56	226.03	252.2	259.48
SF3A3	335.48	402.61	465.23	433.51	435.13	427.23	424.93	365.0	451.52	360.73	472.13	476.56
TBP	388.27	429.9	527.26	519.05	531.95	491.35	496.65	532.3	489.63	379.18	327.5	406.12
TLK2	529.61	539.08	652.26	455.25	440.7	432.31	629.37	485.78	577.45	367.19	353.8	432.71
TMUB2	156.67	208.13	151.32	113.09	116.85	120.62	124.16	133.3	106.87	129.16	160.17	114.29
TRIM39	154.97	160.36	163.54	152.23	161.37	170.77	178.75	152.98	163.21	103.33	99.21	122.19
TUBB	771.43	774.51	734.97	1755.77	2028.76	1456.91	868.06	1180.89	1139.15	2538.96	1725.97	1922.04
USP39	384.86	344.6	383.46	446.55	450.71	432.31	434.56	337.27	377.78	415.16	338.26	388.86
ZC3H14	413.81	464.02	393.8	474.1	459.62	485.0	419.58	486.67	391.87	338.59	369.34	337.11
ZKSCAN5	69.82	95.53	86.47	84.09	77.9	58.4	71.71	78.73	64.62	75.65	69.33	67.57
ZNF143	318.45	351.43	359.97	255.17	282.67	333.28	361.78	319.38	357.07	281.39	329.9	264.51
ZNF346	76.63	81.89	81.77	47.85	74.56	52.06	67.43	78.73	53.85	55.36	45.42	52.47
ERCC_00096.1	25.0	14.0	19.0	24.0	27.0	33.0	28.0	19.0	19.0	23.0	16.0	12.0
ERCC_00041.1	13.0	13.0	8.0	18.0	15.0	19.0	22.0	14.0	11.0	21.0	10.0	14.0
ERCC_00019.1	8.0	6.0	9.0	10.0	9.0	9.0	12.0	14.0	11.0	16.0	13.0	13.0
ERCC_00076.1	11.0	7.0	9.0	9.0	6.0	8.0	11.0	7.0	6.0	9.0	10.0	4.0
ERCC_00098.1	29.0	28.0	27.0	26.0	20.0	30.0	29.0	31.0	32.0	22.0	24.0	21.0
ERCC_00126.1	23.0	25.0	28.0	22.0	18.0	35.0	35.0	35.0	22.0	39.0	21.0	26.0
ERCC_00144.1	13.0	16.0	14.0	16.0	9.0	14.0	12.0	17.0	12.0	14.0	12.0	12.0
ERCC_00154.1	21.0	15.0	18.0	24.0	4.0	14.0	31.0	29.0	20.0	27.0	11.0	9.0
ERCC_00117.1	72064.0	60443.0	53171.0	58312.0	50049.0	54780.0	59877.0	60709.0	47718.0	60841.0	50136.0	45430.0
ERCC_00112.1	23867.0	21246.0	18685.0	19821.0	17708.0	18436.0	21223.0	20470.0	17312.0	21277.0	17330.0	16341.0
ERCC_00002.1	6935.0	6045.0	5146.0	5559.0	4808.0	5327.0	5943.0	5892.0	4816.0	6038.0	4817.0	4403.0
ERCC_00092.1	1337.0	1029.0	915.0	987.0	927.0	1048.0	1063.0	1091.0	900.0	1045.0	838.0	794.0
ERCC_00035.1	206.0	163.0	186.0	191.0	166.0	183.0	180.0	191.0	168.0	228.0	140.0	141.0
ERCC_00034.1	122.0	88.0	92.0	107.0	97.0	88.0	113.0	95.0	90.0	110.0	98.0	99.0
