AffyID	name	thr	mean	mean-thr	perc	min	max	sd	thrNum	hi	int	lo
CLEC1B	20.0	20.00	20.00	0.00	0.00	20.00	20.00	0.00	0	0	11	0
IL18	107.28	68.60	61.59	-7.00	-0.25	36.72	92.12	16.90	8	3	0	8
CSF1	93.66	218.89	207.16	-11.73	0.00	42.29	474.40	143.05	6	5	0	6
CD86	105.58	102.72	84.04	-18.68	-0.33	44.28	144.74	26.73	9	2	0	9
PGLYRP1	37.46	20.00	20.00	0.00	0.00	20.00	20.00	0.00	0	0	11	0
HDAC3	357.61	327.85	344.18	16.33	0.12	276.78	382.13	34.94	3	8	0	3
TUBB	771.43	1510.02	1466.00	-44.03	0.00	734.97	2538.96	554.79	6	5	0	6
CYR61	59.6	26.42	23.98	-2.44	-0.12	20.00	36.68	5.36	8	3	0	8
PIM2	442.76	1790.37	1127.20	-663.17	-0.50	294.18	2600.91	579.11	10	1	0	10
ADAM19	20.0	180.91	119.29	-61.62	0.00	20.00	342.14	123.01	8	3	0	8
PSMB9	1920.9	2843.44	2458.45	-384.99	-0.12	1000.00	4371.68	841.94	8	3	0	8
KLF10	364.43	1389.84	1089.64	-300.19	-0.38	201.30	2338.78	677.90	8	3	0	8
RAPGEF4	20.0	20.00	20.00	0.00	0.00	20.00	20.00	0.00	0	0	11	0
MAPK12	20.0	20.00	20.00	0.00	0.00	20.00	20.00	0.00	0	0	11	0
SEMA5A	20.0	20.00	20.00	0.00	0.00	20.00	20.00	0.00	0	0	11	0
LIPA	3887.78	991.83	759.82	-232.01	0.00	393.02	1581.97	461.32	8	3	0	8
TRAF6	560.26	604.10	581.66	-22.44	0.00	477.90	758.88	87.04	7	4	0	7
CD244	136.23	198.45	194.09	-4.36	0.00	127.82	290.00	54.47	6	5	0	6
MOK	47.68	28.90	29.63	0.73	0.00	20.00	46.40	9.11	5	6	0	5
CD1E	35.76	47.59	27.90	-19.69	-0.20	20.00	71.65	14.75	10	1	0	10
COL4A2	45.98	46.93	26.71	-20.22	-0.10	20.00	71.65	14.53	10	1	0	10
CCNB2	20.0	171.96	93.26	-78.70	-0.22	20.00	383.94	107.98	9	2	0	9
CNOT4	488.74	550.95	544.80	-6.16	0.00	428.45	636.27	73.73	6	5	0	6
JAML	2115.03	2782.02	1834.29	-947.73	0.00	112.85	5993.92	1946.11	8	3	0	8
SELPLG	132.83	161.83	113.53	-48.30	-0.40	63.35	220.87	40.51	10	1	0	10
CCL1	20.0	1210.51	917.69	-292.82	0.00	20.00	2532.78	1050.14	7	4	0	7
C4A	35.76	25.69	26.15	0.45	0.00	20.00	36.25	5.83	5	6	0	5
CX3CL1	20.0	20.00	20.00	0.00	0.00	20.00	20.00	0.00	0	0	11	0
ZNF148	694.79	677.09	670.73	-6.36	0.00	577.04	825.68	79.65	6	5	0	6
CXCL8	3743.03	20172.47	14052.49	-6119.99	0.00	1000.00	34740.59	12194.17	8	3	0	8
GEM	49.38	113.64	94.30	-19.34	-0.25	35.71	188.21	43.76	8	3	0	8
CETP	51.09	31.69	27.43	-4.26	-0.25	20.00	46.40	9.06	8	3	0	8
RAF1	779.94	887.22	877.71	-9.50	0.00	710.43	1087.48	116.64	6	5	0	6
PTGDR	325.26	136.11	140.91	4.80	0.00	35.94	293.43	66.04	5	6	0	5
TREM2	148.15	71.70	32.67	-39.04	-0.20	20.00	119.42	28.30	10	1	0	10
CNN2	1304.44	1323.67	1258.88	-64.80	-0.14	871.27	1677.09	258.44	7	4	0	7
IL6	20.0	541.64	311.79	-229.85	0.00	20.00	1428.35	472.82	8	3	0	8
VEGFA	66.41	568.40	601.62	33.22	0.00	43.23	1730.19	463.74	5	6	0	5
VRK2	229.89	252.89	239.19	-13.70	0.00	166.93	351.49	53.72	7	4	0	7
MAP2K1	693.09	973.20	987.11	13.91	0.00	702.86	1316.54	181.99	5	6	0	5
MMP1	37.46	55.49	47.55	-7.95	0.00	20.00	124.35	32.00	7	4	0	7
TTK	20.0	159.24	99.00	-60.24	-0.22	20.00	255.17	82.34	9	2	0	9
CD69	795.27	4227.31	2316.09	-1911.22	-0.30	461.47	6563.24	1607.98	10	1	0	10
CXCR2	166.89	183.61	79.80	-103.81	-0.10	20.00	310.48	75.97	10	1	0	10
NDUFA7	407.0	437.70	408.82	-28.88	-0.12	320.04	582.03	69.14	8	3	0	8
FGF7	44.28	56.91	33.68	-23.23	-0.30	20.00	85.30	18.54	10	1	0	10
EGR3	59.6	504.48	177.61	-326.86	-0.20	37.59	903.98	237.19	10	1	0	10
ABCC8	57.9	29.31	27.03	-2.28	0.00	20.00	43.50	8.86	7	4	0	7
PTAFR	146.45	88.59	72.35	-16.24	-0.25	28.90	171.40	39.82	8	3	0	8
MTMR14	449.57	364.10	345.50	-18.60	0.00	248.18	458.11	70.99	7	4	0	7
CXCL10	287.79	1355.91	468.73	-887.19	-0.20	32.11	2440.25	675.30	10	1	0	10
CTGF	20.0	20.00	20.00	0.00	0.00	20.00	20.00	0.00	0	0	11	0
HGF	39.17	20.00	20.00	0.00	0.00	20.00	20.00	0.00	0	0	11	0
MYOD1	63.01	31.38	27.07	-4.31	0.00	20.00	44.95	8.89	8	3	0	8
CXCR4	9723.71	10470.42	9990.45	-479.96	0.00	1000.00	18785.82	6063.92	6	5	0	6
SIRPA	492.15	213.05	171.37	-41.69	-0.12	87.92	317.41	86.20	8	3	0	8
CDC20	20.0	88.15	61.34	-26.81	-0.12	20.00	194.13	57.51	8	3	0	8
CD209	56.2	24.62	23.36	-1.26	0.00	20.00	34.66	4.87	7	4	0	7
CCR8	20.0	20.00	20.00	0.00	0.00	20.00	20.00	0.00	0	0	11	0
FBXL7	39.17	26.38	22.60	-3.78	-0.11	20.00	33.35	4.74	9	2	0	9
CTSS	5990.89	3158.01	2880.19	-277.81	-0.14	1000.00	5288.48	1162.16	7	4	0	7
IFIT1	71.52	267.51	132.87	-134.65	-0.11	23.49	511.11	167.46	9	2	0	9
CPA3	20.0	20.00	20.00	0.00	0.00	20.00	20.00	0.00	0	0	11	0
TNF	235.0	1627.16	1344.09	-283.07	0.00	278.20	3767.50	1083.47	7	4	0	7
IL4I1	166.89	250.98	210.69	-40.29	0.00	68.61	382.80	88.50	8	3	0	8
ZNF143	318.45	307.81	317.87	10.06	0.00	255.17	361.78	38.25	4	7	0	4
TLR2	243.52	239.02	199.13	-39.89	-0.12	74.25	394.36	89.96	8	3	0	8
CCR3	20.0	20.00	20.00	0.00	0.00	20.00	20.00	0.00	0	0	11	0
FPR3	573.89	238.12	128.93	-109.19	-0.11	20.00	453.79	142.38	9	2	0	9
INSR	20.0	20.00	20.00	0.00	0.00	20.00	20.00	0.00	0	0	11	0
ERCC_00154.1	21.0	19.02	18.36	-0.65	0.00	4.00	31.00	8.32	6	5	0	6
ERCC_00098.1	29.0	25.38	26.36	0.99	0.14	20.00	32.00	3.94	4	7	0	4
NR2F6	81.74	66.46	67.52	1.06	0.00	44.56	87.67	13.75	5	6	0	5
MERTK	240.11	98.22	49.19	-49.03	0.00	20.00	220.87	62.60	9	2	0	9
CCL28	252.03	256.83	264.01	7.19	0.00	168.04	386.40	85.25	5	6	0	5
USP18	47.68	102.82	59.62	-43.20	-0.22	20.00	185.44	54.59	9	2	0	9
CDH1	20.0	22.59	20.54	-2.05	-0.10	20.00	25.10	1.45	10	1	0	10
CEBPB	768.02	928.15	764.73	-163.42	-0.12	411.00	1359.23	341.81	8	3	0	8
SEMA4B	64.71	42.55	45.30	2.75	0.00	20.00	65.24	12.21	4	7	0	4
ACOD1	20.0	206.49	78.02	-128.46	-0.30	20.00	363.50	96.45	10	1	0	10
IL10	20.0	50.91	32.02	-18.89	0.00	20.00	103.99	25.07	9	2	0	9
AMMECR1L	253.74	273.81	276.88	3.07	0.00	233.08	333.87	36.71	5	6	0	5
IL3RA	71.52	107.82	103.23	-4.59	0.00	20.00	214.96	57.90	6	5	0	6
KLRK1	6775.94	5886.56	5448.03	-438.54	-0.29	1000.00	8877.97	1903.65	7	4	0	7
CSF1R	45.98	29.27	21.68	-7.58	0.00	20.00	38.53	5.33	10	1	0	10
CD80	20.0	215.42	162.49	-52.93	-0.12	20.00	351.51	114.33	8	3	0	8
CCL4	2881.35	19715.77	13226.18	-6489.59	-0.44	1000.00	32350.46	9190.87	9	2	0	9
PBX3	105.58	83.34	68.62	-14.73	-0.33	37.38	122.83	22.68	9	2	0	9
ABCF1	614.76	758.14	772.23	14.09	0.00	505.64	1035.11	175.19	5	6	0	5
ARG1	20.0	20.00	20.00	0.00	0.00	20.00	20.00	0.00	0	0	11	0
SYK	459.79	282.52	289.73	7.21	0.00	130.21	511.79	101.86	5	6	0	5
CCR6	51.09	103.32	75.64	-27.68	-0.25	20.00	178.06	58.36	8	3	0	8
ALOX5	349.1	118.21	89.96	-28.25	0.00	25.88	211.54	59.36	8	3	0	8
RUNX2	35.76	34.87	23.15	-11.72	-0.10	20.00	49.20	8.35	10	1	0	10
VTCN1	20.0	20.00	20.00	0.00	0.00	20.00	20.00	0.00	0	0	11	0
TLR7	66.41	28.80	24.10	-4.70	-0.22	20.00	37.70	6.14	9	2	0	9
IL6R	127.72	64.71	60.20	-4.52	-0.14	26.84	98.95	19.42	7	4	0	7
STAT5B	779.94	774.40	907.21	132.81	0.25	439.15	1201.93	288.70	3	8	0	3
GRN	853.17	380.40	298.19	-82.21	0.00	149.85	696.03	174.28	8	3	0	8
TNFRSF4	20.0	36.43	28.88	-7.55	-0.22	20.00	53.79	10.48	9	2	0	9
MYD88	524.5	534.46	524.06	-10.41	0.00	315.76	786.36	133.44	6	5	0	6
MARCO	39.17	23.42	20.62	-2.80	0.00	20.00	26.84	1.97	10	1	0	10
GNAI3	398.48	595.17	551.59	-43.58	-0.12	389.16	731.01	98.31	8	3	0	8
IKBKE	287.79	147.49	155.08	7.59	0.29	101.35	196.51	31.70	4	7	0	4
CCR5	306.53	698.51	411.37	-287.14	-0.50	102.75	1049.45	250.95	10	1	0	10
ADGRE1	37.46	22.22	20.40	-1.82	0.00	20.00	24.44	1.28	10	1	0	10
RGS1	202.65	1046.53	653.10	-393.44	-0.50	136.48	1527.40	368.78	10	1	0	10
STAB1	172.0	64.74	39.80	-24.94	0.00	20.00	109.18	30.69	9	2	0	9
LAT2	759.5	840.31	912.53	72.22	0.14	374.84	1317.19	300.78	4	7	0	4
AKAP13	1115.42	1082.59	1061.29	-21.30	0.00	683.49	1445.50	260.12	6	5	0	6
BCL2	127.72	952.10	516.48	-435.62	-0.20	121.24	1484.53	355.01	10	1	0	10
LAT	606.24	487.73	463.53	-24.20	0.00	331.00	698.32	99.10	7	4	0	7
IL22	20.0	258.93	117.72	-141.21	-0.11	20.00	600.03	183.80	9	2	0	9
ARHGEF28	47.68	60.46	38.41	-22.05	-0.20	20.00	87.41	17.59	10	1	0	10
AOAH	3921.84	4091.18	2628.62	-1462.55	-0.30	1000.00	5878.74	1215.15	10	1	0	10
HIF1A	2145.69	4069.99	3740.92	-329.07	0.00	1000.00	6923.02	1404.51	7	4	0	7
CCR2	127.72	104.93	88.92	-16.01	0.00	20.00	206.66	62.50	7	4	0	7
GATA3	618.16	850.62	741.76	-108.86	-0.25	376.42	1162.35	242.42	8	3	0	8
FLT3	68.12	49.37	50.78	1.42	0.00	20.00	82.42	18.67	5	6	0	5
TNFRSF12A	39.17	37.62	33.37	-4.25	-0.12	20.00	58.22	9.93	8	3	0	8
GATA2	20.0	20.00	20.00	0.00	0.00	20.00	20.00	0.00	0	0	11	0
ALOX15	35.76	25.50	22.25	-3.25	-0.11	20.00	33.47	4.25	9	2	0	9
AGK	534.72	849.92	767.59	-82.33	-0.12	406.02	1079.43	202.39	8	3	0	8
RAD51	20.0	57.03	43.15	-13.87	0.00	20.00	104.61	29.36	8	3	0	8
ACOT11	20.0	20.61	20.11	-0.50	0.00	20.00	21.22	0.35	10	1	0	10
CD70	73.23	109.98	113.86	3.87	0.00	23.50	188.76	49.67	5	6	0	5
CCR1	626.68	527.43	386.99	-140.43	-0.12	88.84	1031.45	309.87	8	3	0	8
CLEC7A	321.85	94.97	72.80	-22.16	0.00	20.00	191.07	49.24	8	3	0	8
CEBPD	2799.61	3246.14	2010.62	-1235.52	-0.40	735.68	4756.22	1036.89	10	1	0	10
MPO	20.0	48.06	25.97	-22.09	-0.10	20.00	75.06	15.72	10	1	0	10
LRP6	35.76	27.11	23.03	-4.09	-0.11	20.00	34.80	5.26	9	2	0	9
ADAMTS4	69.82	57.83	32.56	-25.27	-0.30	20.00	88.71	18.75	10	1	0	10
PTGDR2	20.0	27.69	22.13	-5.57	-0.20	20.00	34.50	4.19	10	1	0	10
IFNGR1	1975.39	1663.38	1771.60	108.21	0.14	1000.00	2846.08	478.84	4	7	0	4
MYC	178.81	650.78	398.94	-251.84	-0.30	115.60	958.58	201.59	10	1	0	10
IL2	20.0	25.21	20.95	-4.26	0.00	20.00	30.42	3.00	10	1	0	10
MAPK11	47.68	50.70	52.69	2.00	0.00	20.00	109.14	26.45	5	6	0	5
IER3	357.61	350.40	243.48	-106.92	-0.30	151.61	481.08	86.10	10	1	0	10
ERCC_00144.1	13.0	13.28	13.45	0.17	0.00	9.00	17.00	2.23	5	6	0	5
NMB	95.36	88.61	86.00	-2.62	0.00	38.53	152.98	33.71	6	5	0	6
CNKSR1	64.71	65.35	32.29	-33.07	-0.20	20.00	105.77	24.05	10	1	0	10
ARF6	2467.54	3828.20	3760.94	-67.25	0.00	1000.00	5114.57	814.48	6	5	0	6
CREM	389.97	1038.14	993.72	-44.42	0.00	112.78	1839.86	548.95	6	5	0	6
ROS1	20.0	23.42	20.62	-2.80	0.00	20.00	26.84	1.97	10	1	0	10
CTLA4	52.79	49.91	39.74	-10.17	-0.22	20.00	76.57	15.16	9	2	0	9
STAT1	5399.98	7135.24	5131.84	-2003.40	0.00	1000.00	11970.72	3962.11	8	3	0	8
PDCD1LG2	20.0	30.11	24.24	-5.86	-0.11	20.00	41.83	7.54	9	2	0	9
ADAMTS3	20.0	20.00	20.00	0.00	0.00	20.00	20.00	0.00	0	0	11	0
TNFRSF9	76.63	1277.57	854.51	-423.06	-0.33	20.00	2365.34	639.63	9	2	0	9
PRRX1	45.98	50.09	26.87	-23.22	0.00	20.00	78.47	16.41	10	1	0	10
LRP5	42.57	26.90	22.86	-4.04	-0.11	20.00	37.57	5.35	9	2	0	9
PSMB8	1839.16	2407.63	2142.95	-264.68	0.00	1000.00	3305.63	562.66	8	3	0	8
CLC	45.98	55.58	34.05	-21.53	-0.30	20.00	81.89	16.19	10	1	0	10
SEMA4A	71.52	65.19	62.95	-2.25	0.00	20.00	120.19	29.59	6	5	0	6
PTX3	45.98	25.86	22.13	-3.73	0.00	20.00	33.35	4.57	9	2	0	9
IL4R	272.47	422.95	471.55	48.60	0.14	160.36	829.08	194.41	4	7	0	4
BTK	64.71	28.45	26.72	-1.73	0.00	20.00	43.23	7.20	7	4	0	7
FAS	289.5	385.32	474.29	88.98	0.33	218.05	625.09	124.99	2	9	0	2
TNFSF9	98.77	251.33	219.40	-31.93	-0.14	45.11	424.94	124.94	7	4	0	7
JUN	1561.58	782.08	868.40	86.32	0.00	252.48	1580.34	378.76	4	7	0	4
NLRP3	71.52	60.40	62.21	1.81	0.00	20.00	102.94	24.65	5	6	0	5
MET	20.0	29.36	27.07	-2.29	0.00	20.00	47.97	9.00	7	4	0	7
TNFRSF14	137.94	92.96	91.73	-1.23	0.00	71.22	126.14	16.01	6	5	0	6
CD1A	47.68	41.84	37.83	-4.01	0.00	20.00	71.65	15.69	7	4	0	7
LTB4R2	292.9	243.25	228.85	-14.40	-0.14	134.70	325.19	61.41	7	4	0	7
CCL19	20.0	206.55	123.64	-82.91	0.00	20.00	493.58	167.63	8	3	0	8
YES1	1084.76	1461.00	1185.56	-275.44	-0.12	654.14	2638.43	606.98	8	3	0	8
CDH5	20.0	20.00	20.00	0.00	0.00	20.00	20.00	0.00	0	0	11	0
NOD1	214.57	160.13	157.73	-2.41	0.00	103.56	232.01	32.57	6	5	0	6
IL15RA	20.0	38.76	34.45	-4.31	0.00	20.00	62.74	16.30	7	4	0	7
ITGA5	1180.13	1852.32	1141.67	-710.65	-0.30	622.75	2720.89	596.34	10	1	0	10
ICAM1	190.73	536.99	473.38	-63.61	0.00	143.30	826.61	246.27	7	4	0	7
IDO1	192.43	1204.96	968.58	-236.38	0.00	97.75	2954.12	930.92	7	4	0	7
CRIP1	1948.15	1817.38	1897.84	80.46	0.00	616.76	4057.03	1021.57	5	6	0	5
F11R	485.33	438.04	431.24	-6.80	0.00	301.89	559.55	84.04	6	5	0	6
EGF	20.0	20.00	20.00	0.00	0.00	20.00	20.00	0.00	0	0	11	0
ERCC_00002.1	6935.0	5390.78	5344.91	-45.87	0.00	1000.00	6045.00	559.80	6	5	0	6
ERCC_00096.1	25.0	21.75	21.27	-0.48	0.00	12.00	33.00	6.09	6	5	0	6
CD274	120.91	246.70	191.10	-55.60	-0.12	63.91	414.76	116.12	8	3	0	8
C5AR1	153.26	64.56	43.91	-20.65	-0.11	20.00	116.01	27.41	9	2	0	9
TLR9	76.63	31.04	28.75	-2.29	0.00	20.00	44.23	8.84	7	4	0	7
AREG	20.0	43.10	37.75	-5.35	-0.14	20.00	79.74	20.54	7	4	0	7
ERCC_00019.1	8.0	11.30	11.09	-0.21	0.00	6.00	16.00	2.71	6	5	1	5
IL1R1	35.76	33.25	32.68	-0.57	0.00	20.00	45.07	7.57	6	5	0	6
MAFF	132.83	170.99	187.40	16.41	0.00	85.88	288.95	61.81	4	7	0	4
POLR2A	716.93	754.06	670.21	-83.85	0.00	484.49	1106.24	185.88	8	3	0	8
P2RX1	20.0	20.00	20.00	0.00	0.00	20.00	20.00	0.00	0	0	11	0
ENPP2	20.0	30.00	21.82	-8.18	0.00	20.00	39.99	5.75	10	1	0	10
MAP3K14	286.09	219.22	214.28	-4.94	0.00	192.66	243.67	18.46	7	4	0	7
IFNG	153.26	50166.24	19754.61	-30411.64	0.00	65.79	106518.25	37323.31	9	2	0	9
GZMA	4405.47	15322.39	10558.59	-4763.81	0.00	1000.00	30683.41	9731.21	8	3	0	8
NKG7	13260.68	13443.33	14208.09	764.77	0.14	1000.00	19745.93	3145.54	4	7	0	4
PTGS1	76.63	42.58	25.89	-16.68	-0.20	20.00	62.97	12.40	10	1	0	10
ADAMTS12	81.74	42.77	31.96	-10.81	-0.11	20.00	71.65	15.17	9	2	0	9
NFIL3	330.37	1232.12	888.06	-344.06	-0.40	283.84	1652.63	318.57	10	1	0	10
NOX1	20.0	20.00	20.00	0.00	0.00	20.00	20.00	0.00	0	0	11	0
PTGS2	20.0	132.75	58.49	-74.26	-0.20	20.00	223.52	57.20	10	1	0	10
NOD2	95.36	99.88	74.83	-25.05	-0.30	46.98	130.49	21.23	10	1	0	10
S100A10	957.04	1127.05	1066.58	-60.46	0.00	766.67	1471.60	235.52	7	4	0	7
CCL18	20.0	44.30	34.67	-9.63	0.00	20.00	74.11	19.70	8	3	0	8
VWA5A	80.04	63.19	52.34	-10.85	-0.33	34.50	85.30	15.65	9	2	0	9
CEACAM8	20.0	20.00	20.00	0.00	0.00	20.00	20.00	0.00	0	0	11	0
EGR2	137.94	473.65	454.00	-19.65	0.00	91.17	1122.36	269.05	6	5	0	6
LAMB2	20.0	20.00	20.00	0.00	0.00	20.00	20.00	0.00	0	0	11	0
TLR1	681.17	477.16	374.23	-102.93	-0.22	219.95	646.62	139.52	9	2	0	9
TAP2	430.84	556.02	462.62	-93.41	0.00	279.78	957.43	201.85	8	3	0	8
CCL5	12024.36	13907.05	11699.87	-2207.18	-0.12	1000.00	20741.50	4859.90	8	3	0	8
IL27RA	214.57	273.94	266.57	-7.37	0.00	177.42	418.35	88.42	6	5	0	6
RAB20	158.37	124.15	110.10	-14.06	0.00	54.63	227.27	56.34	7	4	0	7
LAG3	245.22	1097.56	492.38	-605.18	-0.20	162.48	1837.23	484.33	10	1	0	10
DPP4	37.46	164.36	174.91	10.56	0.00	31.02	504.40	140.14	5	6	0	5
SMAD1	49.38	36.27	31.87	-4.40	-0.25	20.00	49.82	9.85	8	3	0	8
ITGAM	672.66	430.75	419.72	-11.03	0.00	156.91	687.28	148.21	6	5	0	6
YAP1	49.38	26.34	21.54	-4.80	-0.10	20.00	32.21	3.64	10	1	0	10
CDKN1A	98.77	414.02	433.53	19.51	0.00	93.99	871.36	252.04	5	6	0	5
TFCP2	386.56	303.51	288.91	-14.60	-0.14	206.99	372.73	57.42	7	4	0	7
CCL7	80.04	51.78	46.24	-5.54	-0.14	20.00	84.86	22.20	7	4	0	7
DAGLB	287.79	195.89	207.93	12.04	0.14	136.26	311.09	50.34	4	7	0	4
ACOT1	20.0	20.00	20.00	0.00	0.00	20.00	20.00	0.00	0	0	11	0
COL14A1	61.31	32.02	23.08	-8.94	-0.20	20.00	42.94	6.63	10	1	0	10
NR4A2	335.48	731.54	447.64	-283.90	-0.22	38.53	1523.12	419.82	9	2	0	9
SLC16A6	338.88	297.87	304.42	6.55	0.00	193.03	481.69	87.01	5	6	0	5
IRF2	706.71	639.42	648.05	8.63	0.00	471.40	831.91	110.31	5	6	0	5
ADGRE5	2186.56	2417.43	2688.52	271.09	0.00	1000.00	3963.82	1007.17	4	7	0	4
CAMP	20.0	20.00	20.00	0.00	0.00	20.00	20.00	0.00	0	0	11	0
HAVCR1	97.07	363.17	260.27	-102.90	-0.22	77.07	540.26	145.99	9	2	0	9
CXCL1	86.85	702.75	415.63	-287.12	0.00	20.00	2167.03	643.30	8	3	0	8
MMP19	127.72	84.10	69.97	-14.13	0.00	39.77	146.71	31.20	8	3	0	8
MALT1	715.23	923.50	853.02	-70.47	-0.11	765.79	1061.27	93.41	9	2	0	9
COL10A1	20.0	22.52	20.46	-2.07	0.00	20.00	25.05	1.45	10	1	0	10
CX3CR1	2171.23	1281.49	1169.26	-112.23	0.00	579.93	2091.51	449.28	7	4	0	7
TMEM173	223.08	152.10	154.63	2.54	0.00	108.87	201.13	30.44	5	6	0	5
PFDN6	539.83	575.81	565.49	-10.32	0.00	335.02	757.44	129.47	6	5	0	6
MRPS5	895.74	803.27	776.98	-26.29	-0.25	705.13	931.29	63.50	8	3	0	8
BIRC5	49.38	198.32	114.19	-84.13	-0.22	20.00	392.84	112.79	9	2	0	9
MSH2	265.66	259.59	266.49	6.90	0.00	152.46	441.92	89.54	5	6	0	5
CD27	267.36	103.01	107.10	4.09	0.00	20.84	186.00	51.51	5	6	0	5
IRF8	245.22	709.97	629.48	-80.49	0.00	177.42	1183.31	326.86	7	4	0	7
PRKCA	277.58	185.74	194.72	8.97	0.14	125.23	271.62	39.93	4	7	0	4
OLR1	137.94	70.30	51.53	-18.77	-0.12	20.00	127.82	39.24	8	3	0	8
PRG3	20.0	20.00	20.00	0.00	0.00	20.00	20.00	0.00	0	0	11	0
CEBPG	602.84	881.35	927.41	46.06	0.14	532.26	1285.91	211.51	4	7	0	4
C1QB	57.9	50.94	43.86	-7.09	0.00	20.00	98.95	27.42	7	4	0	7
CCL24	207.76	252.35	188.33	-64.02	-0.12	40.60	507.42	143.67	8	3	0	8
C3AR1	272.47	165.78	151.87	-13.92	-0.14	66.85	296.84	61.28	7	4	0	7
GPR183	584.1	815.07	787.92	-27.16	0.00	327.52	1213.71	325.61	6	5	0	6
CYTIP	3720.89	7339.20	6226.67	-1112.54	-0.12	1000.00	10703.49	2362.97	8	3	0	8
MX2	279.28	453.30	297.24	-156.06	-0.11	133.38	698.66	199.27	9	2	0	9
MX1	650.52	3484.85	1686.49	-1798.36	0.00	257.66	6910.18	2240.54	9	2	0	9
TGFA	93.66	62.37	66.21	3.84	0.00	39.77	92.12	15.57	4	7	0	4
PTPRB	63.01	95.06	98.86	3.80	0.00	20.84	215.60	52.97	5	6	0	5
CD151	40.87	42.61	46.48	3.87	0.00	20.00	85.07	17.30	4	7	0	4
TMUB2	156.67	146.50	134.36	-12.14	0.00	106.87	208.13	28.02	8	3	0	8
BTLA	64.71	70.61	57.49	-13.13	-0.11	32.29	92.12	18.27	9	2	0	9
ADAMTS2	20.0	20.00	20.00	0.00	0.00	20.00	20.00	0.00	0	0	11	0
SELL	962.15	394.23	406.55	12.32	0.00	142.24	801.78	173.87	5	6	0	5
ENPEP	20.0	26.14	21.12	-5.02	0.00	20.00	32.27	3.53	10	1	0	10
PTPRC	2935.84	2562.27	2372.95	-189.32	-0.25	1000.00	3285.68	450.37	8	3	0	8
EPX	20.0	20.00	20.00	0.00	0.00	20.00	20.00	0.00	0	0	11	0
CCL13	34.06	26.11	21.51	-4.60	-0.20	20.00	31.74	3.37	10	1	0	10
TXNDC16	279.28	239.06	221.92	-17.14	-0.14	108.87	341.19	69.22	7	4	0	7
FPR1	39.17	20.00	20.00	0.00	0.00	20.00	20.00	0.00	0	0	11	0
SAP130	395.08	377.00	381.24	4.24	0.00	307.37	495.31	55.66	5	6	0	5
CD44	5161.57	4440.28	4339.32	-100.96	0.00	1000.00	6063.28	1177.09	6	5	0	6
RASAL1	214.57	79.39	69.33	-10.06	-0.12	31.63	116.01	22.78	8	3	0	8
GTF2H2	490.44	807.32	716.81	-90.51	-0.12	345.73	1259.82	233.11	8	3	0	8
HDAC6	236.71	168.25	150.30	-17.95	-0.33	115.99	197.89	24.54	9	2	0	9
TIMD4	20.0	24.63	21.68	-2.95	0.00	20.00	31.04	3.65	9	2	0	9
NFKBIZ	674.36	1206.55	1051.74	-154.81	0.00	322.37	2510.07	633.40	7	4	0	7
MAP2K3	553.45	780.96	718.60	-62.35	0.00	416.25	1087.39	233.89	7	4	0	7
TAPBP	1501.98	2231.88	1965.00	-266.88	-0.12	1000.00	3064.92	573.56	8	3	0	8
PROK2	35.76	161.73	124.73	-37.00	0.00	20.00	444.55	142.70	7	4	0	7
CXCL13	20.0	20.00	20.00	0.00	0.00	20.00	20.00	0.00	0	0	11	0
MAP2K2	694.79	607.03	593.41	-13.62	-0.14	500.96	683.49	55.34	7	4	0	7
MYH4	20.0	20.00	20.00	0.00	0.00	20.00	20.00	0.00	0	0	11	0
DUSP1	2544.17	1673.86	1268.95	-404.91	0.00	436.27	3166.47	856.19	8	3	0	8
SAA1	20.0	20.00	20.00	0.00	0.00	20.00	20.00	0.00	0	0	11	0
MAN2B1	389.97	261.60	240.72	-20.88	-0.12	185.85	359.31	48.05	8	3	0	8
PBX1	44.28	26.70	21.40	-5.30	-0.10	20.00	33.18	3.76	10	1	0	10
MRC1	366.13	263.15	159.44	-103.70	-0.33	20.00	483.73	142.35	9	2	0	9
SELP	20.0	20.00	20.00	0.00	0.00	20.00	20.00	0.00	0	0	11	0
TLR10	69.82	35.93	29.06	-6.88	-0.33	20.00	49.24	9.66	9	2	0	9
NFATC1	202.65	176.33	179.67	3.34	0.00	102.07	253.67	43.58	5	6	0	5
NFYC	313.34	305.10	287.10	-18.00	0.00	207.33	406.02	69.56	7	4	0	7
ZC3H14	413.81	424.47	419.97	-4.49	0.00	337.11	486.67	54.48	6	5	0	6
DNAJC14	108.99	113.69	114.99	1.29	0.00	86.70	151.80	17.85	5	6	0	5
CD99	894.04	930.10	920.08	-10.03	0.00	676.26	1151.18	130.18	6	5	0	6
NOS2	45.98	26.52	24.75	-1.78	0.00	20.00	39.15	6.74	7	4	0	7
ZNRF2	1353.83	1096.27	1013.09	-83.18	-0.12	820.86	1354.53	178.34	8	3	0	8
CD40	107.28	130.08	113.92	-16.16	-0.14	20.00	251.01	65.64	7	4	0	7
IL12B	20.0	76.69	50.92	-25.77	0.00	20.00	165.32	51.87	8	3	0	8
VASP	861.68	1116.41	1009.30	-107.12	0.00	596.19	1676.34	396.04	7	4	0	7
FZD6	35.76	48.33	49.69	1.35	0.00	20.00	82.66	17.59	5	6	0	5
PIK3CG	1748.9	2295.38	1668.10	-627.28	-0.30	1000.00	3062.06	523.75	10	1	0	10
HIP1R	228.19	154.78	139.30	-15.48	0.00	83.38	234.96	38.68	8	3	0	8
ID3	61.31	48.68	29.89	-18.79	-0.20	20.00	71.65	14.68	10	1	0	10
CD40LG	68.12	230.70	150.76	-79.93	-0.11	52.19	430.30	107.76	9	2	0	9
ADAMTS9-AS2	20.0	20.00	20.00	0.00	0.00	20.00	20.00	0.00	0	0	11	0
PPIA	8632.13	11133.60	10453.49	-680.10	-0.14	1000.00	14827.88	2688.29	7	4	0	7
PLAUR	105.58	111.10	103.92	-7.18	-0.14	64.55	182.88	31.46	7	4	0	7
BIRC2	807.19	1075.54	1052.31	-23.22	0.00	696.03	1515.09	285.39	6	5	0	6
EPHB6	20.0	34.64	28.80	-5.84	-0.12	20.00	60.83	12.92	8	3	0	8
NOL7	521.1	778.24	748.19	-30.05	0.00	551.70	956.71	123.28	7	4	0	7
PDZK1IP1	20.0	21.24	20.23	-1.01	0.00	20.00	22.48	0.71	10	1	0	10
SEMA6D	20.0	20.00	20.00	0.00	0.00	20.00	20.00	0.00	0	0	11	0
TUBA4A	216.27	403.18	392.77	-10.42	0.00	203.95	591.38	129.08	6	5	0	6
BATF3	20.0	220.76	187.43	-33.33	-0.14	20.00	469.60	138.87	7	4	0	7
TGFBR3	1299.33	1302.51	1172.96	-129.54	-0.25	774.56	1726.43	293.81	8	3	0	8
TNFRSF11A	156.67	202.09	150.85	-51.23	-0.22	65.74	337.19	74.53	9	2	0	9
TLR8	117.5	58.31	52.89	-5.42	0.00	21.54	85.30	20.89	7	4	0	7
NCOR1	2024.78	1994.98	1764.04	-230.94	-0.11	1000.00	2579.91	317.01	9	2	0	9
DDX50	561.97	631.05	619.24	-11.81	-0.14	524.72	701.38	51.27	7	4	0	7
SERPINB2	664.14	1274.64	870.50	-404.14	-0.12	92.68	2621.42	860.95	8	3	0	8
FZD4	20.0	21.28	20.23	-1.05	0.00	20.00	22.56	0.74	10	1	0	10
CD28	160.08	221.78	162.66	-59.12	-0.25	26.60	424.05	128.75	8	3	0	8
WAS	882.12	661.26	604.28	-56.98	-0.56	458.11	790.42	90.13	9	2	0	9
TLR6	110.69	100.56	68.04	-32.52	-0.22	20.00	153.20	43.00	9	2	0	9
DAXX	630.08	724.29	639.88	-84.41	-0.11	448.00	916.77	118.50	9	2	0	9
CD83	459.79	1549.51	1381.94	-167.57	-0.14	293.43	2735.62	698.92	7	4	0	7
EDN	52.79	37.04	34.16	-2.88	-0.14	20.00	58.12	11.68	7	4	0	7
GPR65	328.66	312.83	354.45	41.61	0.12	151.32	524.72	98.50	3	8	0	3
COL4A1	39.17	28.61	24.73	-3.88	0.00	20.00	44.95	8.15	8	3	0	8
IL3	56.2	125.91	62.71	-63.19	-0.10	23.50	203.14	47.93	10	1	0	10
DNAJB6	2762.15	3445.93	3326.78	-119.15	0.00	1000.00	4307.11	498.14	7	4	0	7
TNFSF10	507.47	2447.64	1729.53	-718.11	0.00	422.79	5161.88	1521.18	8	3	0	8
COG7	291.2	253.98	256.77	2.80	0.00	199.20	317.31	34.33	5	6	0	5
ERCC_00041.1	13.0	16.07	15.00	-1.07	-0.14	8.00	22.00	4.33	7	4	0	7
FAF1	592.62	615.70	539.44	-76.26	-0.50	458.15	708.90	65.41	10	1	0	10
SPHK1	20.0	30.60	31.25	0.65	0.00	20.00	43.80	7.58	5	6	0	5
GLG1	1546.26	1342.72	1427.57	84.85	0.38	1000.00	1897.03	215.95	3	8	0	3
CD180	226.49	65.33	56.47	-8.85	0.00	20.00	126.24	34.99	7	4	0	7
ID1	47.68	170.06	63.26	-106.80	-0.10	20.00	300.59	79.22	10	1	0	10
PTGDS	315.04	266.24	122.28	-143.96	-0.20	36.45	442.20	109.06	10	1	0	10
ENC1	343.99	671.71	345.93	-325.79	0.00	39.53	1452.47	420.29	9	2	0	9
EEF1A1	42287.05	52055.45	53441.00	1385.55	0.00	1000.00	75926.65	16284.98	5	6	0	5
CXCL5	56.2	557.84	212.67	-345.17	-0.30	20.00	979.71	269.99	10	1	0	10
MAP3K4	514.28	452.64	478.60	25.97	0.14	302.61	629.24	103.28	4	7	0	4
PF4	20.0	20.00	20.00	0.00	0.00	20.00	20.00	0.00	0	0	11	0
C1QA	20.0	20.00	20.00	0.00	0.00	20.00	20.00	0.00	0	0	11	0
TNFRSF1A	749.29	714.62	605.56	-109.06	-0.33	409.95	936.10	153.41	9	2	0	9
S100A9	1617.78	629.65	473.02	-156.63	0.00	128.82	1357.16	353.62	8	3	0	8
GATA6	20.0	22.84	20.52	-2.33	0.00	20.00	25.69	1.64	10	1	0	10
RHOC	563.67	517.82	618.32	100.49	0.33	324.13	787.91	141.93	2	9	0	2
ANOS1	20.0	20.00	20.00	0.00	0.00	20.00	20.00	0.00	0	0	11	0
ZFP92	80.04	81.29	63.28	-18.02	-0.22	36.18	117.14	24.92	9	2	0	9
CEBPA	313.34	124.28	110.86	-13.42	-0.14	40.59	210.53	55.27	7	4	0	7
CXCL6	20.0	20.00	20.00	0.00	0.00	20.00	20.00	0.00	0	0	11	0
FGF18	20.0	20.00	20.00	0.00	0.00	20.00	20.00	0.00	0	0	11	0
CEACAM1	20.0	33.95	22.60	-11.34	0.00	20.00	47.81	7.97	10	1	0	10
COL11A1	61.31	51.36	31.97	-19.39	-0.30	20.00	75.06	15.81	10	1	0	10
RASGRF2	35.76	48.13	34.82	-13.31	-0.11	20.00	85.30	18.73	9	2	0	9
CASP5	20.0	20.00	20.00	0.00	0.00	20.00	20.00	0.00	0	0	11	0
APOE	103.88	20.34	20.06	-0.28	0.00	20.00	20.68	0.20	10	0	11	0
CDH4	20.0	28.67	26.30	-2.36	0.00	20.00	52.30	9.86	7	4	0	7
CSF3	20.0	20.00	20.00	0.00	0.00	20.00	20.00	0.00	0	0	11	0
ZKSCAN5	69.82	74.69	75.45	0.76	0.00	58.40	95.53	10.17	5	6	0	5
ERCC_00117.1	72064.0	54230.57	54678.73	448.16	0.00	1000.00	60841.00	5445.03	5	6	0	5
NFKBIA	3986.55	7961.42	9086.75	1125.34	0.00	1000.00	18698.05	4862.00	4	7	0	4
EIF2B4	488.74	449.30	452.59	3.30	0.00	390.25	549.32	44.43	5	6	0	5
CASP10	538.12	559.85	570.32	10.47	0.00	300.76	751.02	132.65	5	6	0	5
COL1A2	20.0	20.00	20.00	0.00	0.00	20.00	20.00	0.00	0	0	11	0
IRF4	241.82	838.52	763.79	-74.73	-0.14	255.00	1436.60	332.60	7	4	0	7
HPGDS	20.0	24.32	20.78	-3.53	0.00	20.00	28.63	2.48	10	1	0	10
ERCC_00112.1	23867.0	19221.37	19077.18	-144.18	0.00	1000.00	21277.00	1725.10	6	5	0	6
C3	66.41	66.19	51.02	-15.17	-0.12	20.00	129.09	33.46	8	3	0	8
TRAFD1	648.81	1283.72	1002.75	-280.97	0.00	532.26	2296.53	574.81	8	3	0	8
FCGR2B	473.41	422.26	234.56	-187.71	-0.40	50.74	651.68	164.27	10	1	0	10
S100A8	1006.43	514.49	195.69	-318.80	-0.20	38.53	904.14	235.88	10	1	0	10
TPSAB1	20.0	20.00	20.00	0.00	0.00	20.00	20.00	0.00	0	0	11	0
PTPRK	61.31	35.18	33.96	-1.22	0.00	20.00	72.88	16.13	6	5	0	6
FCN1	853.17	224.62	141.50	-83.12	0.00	20.00	562.97	177.24	8	3	0	8
FLRT2	20.0	20.73	20.13	-0.60	0.00	20.00	21.47	0.42	10	1	0	10
ERCC_00126.1	23.0	29.57	27.82	-1.75	-0.14	18.00	39.00	6.75	7	4	0	7
CD1B	20.0	28.54	22.75	-5.79	-0.30	20.00	35.62	4.39	10	1	0	10
FOSB	112.39	192.92	178.75	-14.17	0.00	20.00	661.48	189.76	6	5	0	6
IGF1	20.0	20.15	20.03	-0.12	0.00	20.00	20.30	0.09	10	0	11	0
BIRC3	1214.19	5617.82	4352.15	-1265.66	-0.33	682.38	8239.34	2012.39	9	2	0	9
LGALS3	2535.66	937.96	797.63	-140.33	0.00	475.55	1389.11	300.00	8	3	0	8
ADORA2A	42.57	59.20	65.22	6.02	0.00	20.00	113.46	25.74	4	7	0	4
CCL8	61.31	252.07	139.90	-112.17	-0.22	20.00	546.24	157.31	9	2	0	9
HMGB1	509.17	481.68	540.55	58.87	0.38	291.54	805.46	143.02	3	8	0	3
IL1B	219.68	2346.25	1512.51	-833.74	0.00	187.03	4957.99	1683.26	8	3	0	8
GCH1	400.19	1433.14	1058.39	-374.75	0.00	423.08	2929.07	784.46	8	3	0	8
FADD	20.0	24.94	23.22	-1.72	-0.25	20.00	30.19	3.72	8	3	1	7
CASP7	154.97	239.23	208.35	-30.88	-0.12	117.96	337.67	69.82	8	3	0	8
ANGPT2	20.0	20.00	20.00	0.00	0.00	20.00	20.00	0.00	0	0	11	0
NGF	20.0	21.07	20.19	-0.88	0.00	20.00	22.14	0.62	10	1	0	10
CDH13	20.0	25.81	21.26	-4.55	-0.10	20.00	31.37	3.28	10	1	0	10
STAT5A	733.96	1267.73	1231.08	-36.65	0.00	515.20	1899.38	447.55	6	5	0	6
IGF2	20.0	20.00	20.00	0.00	0.00	20.00	20.00	0.00	0	0	11	0
CSF2RA	497.25	282.95	253.19	-29.76	-0.12	186.97	376.45	64.73	8	3	0	8
IL25	20.0	20.00	20.00	0.00	0.00	20.00	20.00	0.00	0	0	11	0
SMAD7	1375.96	2469.04	2199.96	-269.07	-0.14	1000.00	4094.97	1032.62	7	4	0	7
GADD45B	674.36	1299.04	1199.76	-99.28	-0.14	469.93	1941.92	445.39	7	4	0	7
NUBP1	536.42	435.35	442.34	6.99	0.00	269.67	631.10	97.05	5	6	0	5
CCL11	51.09	24.71	25.14	0.43	0.00	20.00	36.25	5.42	5	6	0	5
KIAA0101	34.06	52.92	46.26	-6.67	0.00	20.00	105.72	26.54	7	4	0	7
IDO2	20.0	20.00	20.00	0.00	0.00	20.00	20.00	0.00	0	0	11	0
SOCS2	61.31	2470.61	697.58	-1773.04	-0.20	20.00	4637.66	1270.58	10	1	0	10
FGFR1	103.88	235.84	188.95	-46.90	0.00	20.00	567.56	183.32	7	4	0	7
ATF3	192.43	853.75	594.92	-258.82	-0.33	119.36	1428.10	375.18	9	2	0	9
HDAC5	231.6	158.90	198.88	39.98	0.25	54.43	314.68	87.82	3	8	0	3
ITGB7	733.96	835.31	590.30	-245.01	-0.11	269.31	1293.47	319.52	9	2	0	9
CMA1	34.06	26.98	21.77	-5.21	-0.20	20.00	33.35	3.78	10	1	0	10
NOX4	20.0	23.86	20.70	-3.16	0.00	20.00	27.73	2.22	10	1	0	10
PRKCI	143.05	169.01	151.24	-17.76	-0.25	93.44	256.62	42.81	8	3	0	8
CALR	4875.48	7463.69	6206.51	-1257.19	-0.25	1000.00	10468.45	2648.39	8	3	0	8
RND3	20.0	20.00	20.00	0.00	0.00	20.00	20.00	0.00	0	0	11	0
VAV1	814.0	733.96	665.85	-68.11	-0.12	494.11	1000.44	148.72	8	3	0	8
FABP4	20.0	21.57	20.34	-1.22	-0.10	20.00	23.06	0.88	10	1	0	10
IL23A	45.98	234.31	111.11	-123.20	-0.30	20.00	384.88	101.40	10	1	0	10
ELL2	252.03	468.00	409.56	-58.44	-0.14	139.89	766.38	224.97	7	4	0	7
HLA-DMA	633.49	299.39	273.78	-25.61	0.00	174.67	472.75	99.68	7	4	0	7
VAMP2	888.93	917.79	897.41	-20.38	0.00	508.35	1357.21	253.48	6	5	0	6
BMP8A	59.6	28.10	24.12	-3.98	-0.22	20.00	37.70	5.49	9	2	0	9
LTA	102.18	2186.14	1274.94	-911.20	0.00	68.24	4320.91	1788.76	8	3	0	8
HSPG2	20.0	20.00	20.00	0.00	0.00	20.00	20.00	0.00	0	0	11	0
TRIM39	154.97	135.57	147.99	12.42	0.00	99.21	178.75	25.85	3	8	0	3
HDC	20.0	52.37	35.23	-17.14	-0.22	20.00	89.03	22.81	9	2	0	9
FCER1A	122.61	85.56	34.07	-51.49	-0.10	20.00	148.50	36.46	10	1	0	10
SOCS3	100.47	419.03	228.90	-190.14	-0.30	31.96	651.42	161.83	10	1	0	10
IL10RA	2637.83	1908.86	1672.64	-236.22	0.00	1000.00	2693.64	491.77	8	3	0	8
CSF2	20.0	1804.81	1386.50	-418.31	0.00	20.00	5627.78	1690.90	7	4	0	7
ADAMTS9	20.0	20.00	20.00	0.00	0.00	20.00	20.00	0.00	0	0	11	0
MMP13	20.0	20.00	20.00	0.00	0.00	20.00	20.00	0.00	0	0	11	0
HAVCR2	335.48	1999.30	1505.51	-493.78	0.00	283.84	3529.97	1034.40	8	3	0	8
LST1	219.68	136.84	92.47	-44.37	-0.40	46.00	191.07	36.97	10	1	0	10
XCR1	20.0	20.00	20.00	0.00	0.00	20.00	20.00	0.00	0	0	11	0
COL17A1	20.0	20.00	20.00	0.00	0.00	20.00	20.00	0.00	0	0	11	0
HIST1H1C	8492.49	5439.40	5624.06	184.66	0.00	1000.00	8675.91	2227.55	5	6	0	5
IL27	66.41	26.08	23.64	-2.44	0.00	20.00	31.90	4.90	8	3	0	8
LAMB3	69.82	27.81	27.20	-0.61	0.00	20.00	40.59	7.37	6	5	0	6
ADCYAP1R1	20.0	20.00	20.00	0.00	0.00	20.00	20.00	0.00	0	0	11	0
BID	638.6	663.90	707.38	43.47	0.14	416.00	981.43	174.27	4	7	0	4
ANXA1	6622.68	5475.92	4946.45	-529.47	-0.12	1000.00	7732.05	1250.63	8	3	0	8
B4GALT4	154.97	175.88	180.13	4.24	0.14	151.32	209.79	17.81	4	7	0	4
NFKBIE	427.43	456.67	485.45	28.78	0.14	259.31	702.15	122.95	4	7	0	4
TUBA1A	20.0	21.53	20.28	-1.25	0.00	20.00	23.06	0.88	10	1	0	10
LOXL2	52.79	65.61	35.54	-30.07	-0.20	20.00	102.36	22.12	10	1	0	10
ITGB1	2898.38	3585.74	3044.01	-541.73	0.00	1000.00	5049.86	1126.88	8	3	0	8
MAPK13	328.66	222.87	228.41	5.53	0.00	119.08	362.85	71.86	5	6	0	5
MMP9	536.42	1124.86	373.05	-751.81	-0.10	39.15	2043.74	545.07	10	1	0	10
TLR4	131.13	42.02	29.10	-12.92	0.00	20.00	68.24	16.03	9	2	0	9
COL12A1	20.0	22.52	20.46	-2.07	0.00	20.00	25.05	1.45	10	1	0	10
TNFAIP3	6874.71	7409.27	7180.82	-228.45	0.00	1000.00	11793.18	2719.20	6	5	0	6
FPR2	20.0	23.15	20.57	-2.58	0.00	20.00	26.30	1.81	10	1	0	10
KIT	134.53	89.73	86.33	-3.39	0.00	20.00	151.32	40.37	6	5	0	6
SERPINE1	49.38	87.52	69.49	-18.03	-0.12	20.00	153.68	41.19	8	3	0	8
TREX1	185.62	268.13	211.64	-56.49	-0.11	105.77	406.86	80.20	9	2	0	9
IL1RN	68.12	69.16	54.76	-14.40	-0.25	20.00	140.64	34.95	8	3	0	8
TAP1	466.6	822.02	698.79	-123.22	-0.12	406.02	1287.35	269.23	8	3	0	8
RETNLB	40.87	22.13	20.78	-1.36	0.00	20.00	24.62	1.65	9	2	0	9
FLT1	59.6	149.10	123.88	-25.22	0.00	20.00	320.42	98.05	7	4	0	7
IL1A	35.76	288.45	194.07	-94.38	-0.12	20.00	683.70	205.08	8	3	0	8
VEGFC	20.0	30.93	26.16	-4.77	0.00	20.00	43.50	9.46	8	3	0	8
TM7SF3	589.21	558.66	481.48	-77.18	-0.44	289.67	761.17	120.22	9	2	0	9
HOXD4	20.0	20.00	20.00	0.00	0.00	20.00	20.00	0.00	0	0	11	0
S1PR1	355.91	169.67	175.25	5.57	0.00	70.52	313.91	72.25	5	6	0	5
ACOX1	274.17	279.79	260.12	-19.68	0.00	199.09	354.33	43.38	8	3	0	8
CLEC5A	873.6	443.80	209.42	-234.38	-0.30	74.60	730.27	178.96	10	1	0	10
MMP12	20.0	30.54	22.58	-7.95	-0.10	20.00	40.26	6.06	10	1	0	10
CRABP2	83.44	90.07	52.10	-37.97	-0.20	20.13	136.48	30.20	10	1	0	10
BCL6	262.25	275.20	284.82	9.63	0.00	112.85	494.53	121.90	5	6	0	5
ACAD10	216.27	174.44	150.72	-23.72	-0.25	85.54	236.18	52.08	8	3	0	8
IL17RA	451.28	326.09	343.84	17.74	0.00	214.07	460.61	74.29	4	7	0	4
CLIC4	180.51	357.60	224.05	-133.55	-0.50	85.53	520.82	120.27	10	1	0	10
TXN	1859.6	4685.59	3502.87	-1182.71	0.00	924.63	7917.65	2430.59	8	3	0	8
IL4	45.98	26.62	26.06	-0.56	0.00	20.00	41.83	6.90	6	5	0	6
PRPF38A	1156.29	1504.39	1427.02	-77.38	-0.33	1000.00	1709.36	126.76	9	2	0	9
CYP3A4	20.0	20.00	20.00	0.00	0.00	20.00	20.00	0.00	0	0	11	0
MSC	66.41	106.04	88.13	-17.91	-0.12	52.19	178.10	39.48	8	3	0	8
SCIN	51.09	21.13	20.41	-0.72	0.00	20.00	22.37	0.87	9	2	0	9
IL1RL1	20.0	52.60	34.05	-18.55	-0.11	20.00	94.16	24.40	9	2	0	9
CNOT10	236.71	254.47	260.79	6.32	0.14	206.29	300.25	27.89	4	7	0	4
ERCC_00034.1	122.0	101.69	97.91	-3.78	-0.25	88.00	113.00	8.32	8	3	0	8
ADAM8	611.35	652.06	608.27	-43.80	0.00	405.08	920.66	167.76	7	4	0	7
C1QC	20.0	28.27	22.07	-6.21	-0.10	20.00	35.86	4.68	10	1	0	10
FCAR	44.28	48.27	42.34	-5.94	-0.38	20.00	75.06	14.73	8	3	0	8
EN1	42.57	26.38	24.64	-1.74	0.00	20.00	37.70	6.52	7	4	0	7
TREM1	42.57	45.50	39.51	-5.99	0.00	20.00	92.79	23.23	7	4	0	7
ITGAX	1541.15	926.88	901.64	-25.24	0.00	421.78	1361.49	304.35	6	5	0	6
GSN	512.58	251.30	206.38	-44.93	-0.12	112.40	412.84	96.44	8	3	0	8
CSF3R	63.01	30.29	23.81	-6.48	0.00	20.00	43.23	7.95	9	2	0	9
ID2	1004.73	1794.32	1752.08	-42.24	0.00	1000.00	2675.02	513.26	6	5	0	6
MARCKSL1	166.89	379.39	284.64	-94.74	-0.12	81.89	744.51	203.57	8	3	0	8
PPARG	81.74	48.41	71.65	23.24	0.40	20.00	97.79	19.54	1	10	0	1
FGF10	20.0	20.00	20.00	0.00	0.00	20.00	20.00	0.00	0	0	11	0
RIPK2	255.44	394.45	428.62	34.17	0.00	209.59	628.71	132.93	4	7	0	4
TRAF2	301.42	469.34	458.19	-11.15	0.00	218.36	762.64	151.37	6	5	0	6
BATF	124.31	211.54	170.26	-41.28	-0.12	89.29	418.35	94.69	8	3	0	8
ITGA4	643.71	488.85	493.09	4.24	0.00	407.55	600.50	55.18	5	6	0	5
MAP2K4	301.42	320.74	324.68	3.94	0.00	259.25	410.92	49.88	5	6	0	5
PGGT1B	451.28	398.14	384.96	-13.18	0.00	320.72	519.74	55.72	7	4	0	7
CTSL	842.95	509.63	422.42	-87.21	-0.25	102.38	944.73	219.33	8	3	0	8
G6PD	905.96	988.66	789.27	-199.40	0.00	422.79	1479.83	396.92	8	3	0	8
FN1	504.07	259.72	64.65	-195.07	0.00	20.00	498.13	137.13	10	1	0	10
IFNA2	20.0	20.00	20.00	0.00	0.00	20.00	20.00	0.00	0	0	11	0
ALCAM	199.24	198.40	174.94	-23.47	-0.12	98.47	262.64	51.37	8	3	0	8
HBEGF	20.0	47.63	28.48	-19.15	-0.30	20.00	71.04	14.58	10	1	0	10
CYBB	2053.73	648.92	436.96	-211.96	0.00	107.02	1251.89	425.86	8	3	0	8
ERG	20.0	20.00	20.00	0.00	0.00	20.00	20.00	0.00	0	0	11	0
TOP2A	34.06	269.43	190.00	-79.43	-0.25	20.00	604.29	181.11	8	3	0	8
TEP1	257.14	206.46	173.14	-33.32	-0.30	138.36	247.18	27.69	10	1	0	10
FLNB	177.1	191.51	165.86	-25.66	0.00	60.38	338.23	96.67	7	4	0	7
BTG2	498.96	1145.11	1053.03	-92.08	0.00	562.98	1833.55	375.27	7	4	0	7
KLK3	20.0	20.00	20.00	0.00	0.00	20.00	20.00	0.00	0	0	11	0
RNASE3	20.0	20.00	20.00	0.00	0.00	20.00	20.00	0.00	0	0	11	0
THBD	117.5	57.16	52.66	-4.50	-0.14	20.00	98.95	20.76	7	4	0	7
C5	20.0	20.34	20.06	-0.28	0.00	20.00	20.68	0.20	10	0	11	0
RHOG	481.93	561.80	594.54	32.73	0.14	350.57	901.45	147.85	4	7	0	4
TSPAN8	20.0	20.00	20.00	0.00	0.00	20.00	20.00	0.00	0	0	11	0
IRF5	221.38	112.25	126.39	14.14	0.25	78.29	180.83	32.09	3	8	0	3
LAMP3	280.98	490.72	380.96	-109.76	-0.12	139.10	855.24	235.46	8	3	0	8
MPEG1	873.6	323.85	168.06	-155.79	-0.11	35.94	709.68	203.78	9	2	0	9
ARHGEF6	1106.9	906.94	889.40	-17.54	0.00	632.58	1228.29	208.47	6	5	0	6
GUSB	776.53	642.31	649.44	7.12	0.00	531.88	838.01	91.17	5	6	0	5
FCGR3A	3891.19	2881.64	2985.95	104.31	0.00	1000.00	5093.34	1315.00	5	6	0	5
CCRL2	90.26	59.99	62.24	2.25	0.00	20.00	95.87	26.46	5	6	0	5
JAG1	52.79	47.85	39.50	-8.36	-0.12	20.00	73.94	18.09	8	3	0	8
ICOSLG	81.74	87.63	84.98	-2.65	0.00	42.44	139.66	33.24	6	5	0	6
SKI	716.93	1310.03	954.90	-355.13	-0.22	411.52	2300.78	507.53	9	2	0	9
SIGLEC5	39.17	26.69	26.26	-0.43	0.00	20.00	37.05	5.34	6	5	0	6
IL5RA	20.0	27.25	21.76	-5.49	-0.10	20.00	33.97	4.16	10	1	0	10
EMP1	407.0	291.60	266.25	-25.35	-0.14	92.15	445.65	103.15	7	4	0	7
FZD9	20.0	20.00	20.00	0.00	0.00	20.00	20.00	0.00	0	0	11	0
CAV1	20.0	20.00	20.00	0.00	0.00	20.00	20.00	0.00	0	0	11	0
EIF4EBP2	677.76	558.66	599.53	40.87	0.25	415.16	820.50	102.50	3	8	0	3
ELANE	54.49	60.18	31.25	-28.93	-0.20	20.00	95.53	20.92	10	1	0	10
CXCL9	91.96	270.42	250.71	-19.71	0.00	20.00	736.29	239.23	6	5	0	6
LTB4R	172.0	96.33	98.46	2.14	0.00	64.54	139.10	25.88	5	6	0	5
RICTOR	616.46	908.91	753.36	-155.55	-0.33	500.96	1320.82	228.20	9	2	0	9
GATA1	20.0	20.00	20.00	0.00	0.00	20.00	20.00	0.00	0	0	11	0
TNFSF4	192.43	340.00	297.17	-42.83	-0.14	134.19	719.62	178.59	7	4	0	7
DUSP2	466.6	599.79	632.97	33.18	0.00	135.85	1296.30	407.94	5	6	0	5
CD247	1759.12	2011.00	1614.12	-396.88	-0.60	1000.00	2496.07	362.63	10	1	0	10
TNFAIP6	80.04	78.93	56.56	-22.36	-0.22	23.20	138.65	32.81	9	2	0	9
SPRY2	170.29	387.00	376.06	-10.94	0.00	179.51	592.29	135.05	6	5	0	6
KITLG	76.63	37.73	34.12	-3.61	-0.14	20.00	69.59	15.25	7	4	0	7
IKZF1	2283.62	1940.61	1962.47	21.86	0.00	1000.00	2520.70	289.44	5	6	0	5
FASN	98.77	122.14	126.23	4.09	0.00	20.00	235.28	57.21	5	6	0	5
HIVEP1	315.04	463.30	428.93	-34.37	0.00	242.25	740.66	139.48	7	4	0	7
GPATCH3	81.74	67.27	60.44	-6.83	-0.12	44.73	92.05	14.98	8	3	0	8
CXCR3	676.06	1180.21	571.75	-608.46	-0.20	129.09	1923.89	489.19	10	1	0	10
FYN	3402.45	4127.94	4217.96	90.02	0.00	1000.00	5366.95	1084.35	5	6	0	5
HNF1B	90.26	54.79	32.62	-22.17	-0.40	20.00	81.89	17.56	10	1	0	10
PHLDA2	35.76	25.45	24.24	-1.21	0.00	20.00	32.11	4.52	7	4	0	7
SGPP1	408.7	377.76	364.05	-13.71	0.00	301.49	462.57	53.70	7	4	0	7
MS4A1	126.02	66.90	69.34	2.44	0.00	30.45	117.17	29.30	5	6	0	5
NDC80	20.0	52.19	45.43	-6.76	0.00	20.00	90.36	26.37	7	4	0	7
SIGLEC1	126.02	59.50	35.61	-23.90	-0.30	20.00	88.71	19.36	10	1	0	10
PDE4A	156.67	477.07	347.30	-129.77	-0.22	166.36	729.12	174.83	9	2	0	9
LIF	20.0	851.95	405.22	-446.73	-0.11	20.00	2003.86	602.27	9	2	0	9
KALRN	20.0	23.58	21.41	-2.17	-0.11	20.00	27.68	2.68	9	2	0	9
FURIN	296.31	918.47	658.06	-260.41	0.00	244.41	1748.10	527.57	8	3	0	8
CDH2	20.0	33.69	25.54	-8.15	-0.11	20.00	56.76	11.04	9	2	0	9
SFRP4	20.0	20.00	20.00	0.00	0.00	20.00	20.00	0.00	0	0	11	0
ELOVL6	185.62	441.43	316.73	-124.71	0.00	122.18	860.60	253.08	8	3	0	8
FOSL1	20.0	47.33	45.51	-1.82	0.00	20.00	86.99	22.78	6	5	0	6
CD34	20.0	20.00	20.00	0.00	0.00	20.00	20.00	0.00	0	0	11	0
ADAMTS1	139.64	190.11	150.98	-39.13	-0.25	45.11	362.17	91.96	8	3	0	8
NRIP3	42.57	42.42	33.24	-9.17	0.00	20.00	69.59	18.90	8	3	0	8
ERCC3	194.13	166.71	172.95	6.24	0.38	143.56	193.86	15.25	3	8	0	3
DUSP6	573.89	526.26	503.11	-23.15	0.00	188.91	962.70	279.04	6	5	0	6
ITGAL	5864.88	4513.21	4127.94	-385.27	0.00	1000.00	5640.34	795.10	8	3	0	8
TGM2	35.76	26.20	22.25	-3.94	0.00	20.00	34.14	4.84	9	2	0	9
HPRT1	369.53	595.65	746.24	150.59	0.33	339.29	1039.42	204.45	2	9	0	2
IL33	86.85	69.17	39.22	-29.95	-0.40	20.00	105.77	23.16	10	1	0	10
SDHA	252.03	309.56	338.49	28.93	0.25	226.03	444.55	67.74	3	8	0	3
CCL3	623.27	5784.06	4090.07	-1693.99	-0.12	366.55	13397.81	3803.24	8	3	0	8
FBP1	766.32	210.69	222.89	12.20	0.00	63.43	478.03	146.79	5	6	0	5
COL3A1	85.15	54.60	32.28	-22.33	-0.20	20.00	81.89	17.60	10	1	0	10
SQSTM1	1818.72	2435.73	2292.09	-143.64	-0.25	1000.00	2888.97	315.37	8	3	0	8
HES1	20.0	69.01	50.79	-18.21	-0.12	20.00	151.19	40.77	8	3	0	8
DHX16	158.37	137.25	132.49	-4.76	-0.14	87.77	164.48	21.08	7	4	0	7
PRG2	20.0	33.30	27.74	-5.55	-0.12	20.00	57.80	12.05	8	3	0	8
FCER2	37.46	28.66	26.95	-1.70	-0.14	20.00	38.72	6.70	7	4	0	7
IL5	20.0	22.00	20.36	-1.63	0.00	20.00	23.99	1.15	10	1	0	10
S100A4	4221.55	2534.07	2487.80	-46.27	0.00	1000.00	3706.81	597.39	6	5	0	6
EDC3	367.83	362.90	357.79	-5.12	0.00	254.74	451.13	63.14	6	5	0	6
ANXA4	470.01	263.95	257.53	-6.43	0.00	150.78	376.88	76.07	6	5	0	6
CXCL2	245.22	335.02	245.28	-89.74	0.00	56.76	644.89	184.79	8	3	0	8
ITGB2	2719.57	1348.98	1377.45	28.46	0.00	648.80	1959.82	359.79	5	6	0	5
TYROBP	8204.7	4816.30	4029.70	-786.60	0.00	1000.00	7152.33	1619.61	8	3	0	8
CXCL3	212.87	457.65	328.80	-128.85	0.00	69.00	899.21	265.62	8	3	0	8
CC2D1B	488.74	491.50	431.78	-59.72	-0.33	313.61	596.44	88.20	9	2	0	9
IL9	20.0	20.00	20.00	0.00	0.00	20.00	20.00	0.00	0	0	11	0
LPL	52.79	89.56	34.42	-55.14	0.00	20.00	156.95	38.90	10	1	0	10
TNFRSF1B	594.32	799.73	817.19	17.46	0.00	437.03	1325.56	237.78	5	6	0	5
PROS1	74.93	73.10	59.57	-13.53	-0.12	23.72	136.48	31.43	8	3	0	8
FSCN1	126.02	236.40	228.40	-8.01	0.00	43.23	396.18	103.54	6	5	0	6
SMAD2	1031.97	966.82	1024.31	57.49	0.12	795.27	1180.52	124.04	3	8	0	3
LTA4H	1324.88	697.01	778.17	81.16	0.12	470.09	1040.47	180.55	3	8	0	3
CCL2	3589.77	1511.58	1127.38	-384.20	-0.12	122.61	2512.24	818.71	8	3	0	8
NOX3	20.0	20.00	20.00	0.00	0.00	20.00	20.00	0.00	0	0	11	0
ERCC_00092.1	1337.0	959.32	967.00	7.68	0.00	794.00	1091.00	93.83	5	6	0	5
CCL17	20.0	25.89	22.15	-3.74	0.00	20.00	35.86	4.86	9	2	0	9
ACTB	18073.15	25987.28	20396.94	-5590.34	0.00	1000.00	43316.68	11376.92	8	3	0	8
NR1H3	20.0	27.29	24.64	-2.66	-0.12	20.00	34.28	5.52	8	3	0	8
PDCD1	52.79	48.31	33.75	-14.55	-0.11	20.00	88.71	20.23	9	2	0	9
CD38	355.91	931.02	710.94	-220.08	-0.12	250.20	1801.29	478.90	8	3	0	8
RHOJ	20.0	20.00	20.00	0.00	0.00	20.00	20.00	0.00	0	0	11	0
SERPINE3	59.6	24.54	23.36	-1.18	0.00	20.00	33.18	4.58	7	4	0	7
ERCC_00076.1	11.0	7.67	7.82	0.15	0.00	4.00	11.00	1.95	5	5	1	5
TLR3	85.15	71.58	63.59	-7.99	0.00	29.00	136.48	32.66	7	4	0	7
BCL10	604.54	696.45	671.98	-24.46	-0.14	566.38	862.71	95.40	7	4	0	7
CDH11	20.0	20.00	20.00	0.00	0.00	20.00	20.00	0.00	0	0	11	0
ISG15	257.14	973.99	532.78	-441.22	-0.22	95.87	1810.12	564.01	9	2	0	9
CD276	66.41	52.92	37.54	-15.38	-0.11	20.00	82.53	19.58	9	2	0	9
TLR5	61.31	29.27	26.11	-3.16	-0.12	20.00	39.15	6.98	8	3	0	8
INSIG1	1013.24	1832.87	1564.19	-268.68	-0.25	991.78	2904.30	610.60	8	3	0	8
CXCL11	20.0	48.92	46.97	-1.95	0.00	20.00	83.03	23.47	6	5	0	6
LTB	257.14	5059.84	1811.31	-3248.54	-0.20	160.72	9030.28	2517.04	10	1	0	10
TNFRSF8	20.0	52.17	33.44	-18.73	-0.30	20.00	75.06	14.82	10	1	0	10
IL12A	63.01	61.26	36.02	-25.25	-0.20	20.00	92.12	19.39	10	1	0	10
PDGFA	20.0	35.77	24.37	-11.40	-0.10	20.00	49.71	8.45	10	1	0	10
CD74	4396.95	3666.36	3112.21	-554.15	-0.33	1000.00	5214.42	834.59	9	2	0	9
ERCC_00035.1	206.0	174.38	176.09	1.71	0.00	140.00	228.00	23.69	5	6	0	5
OSM	20.0	54.83	35.19	-19.63	-0.11	20.00	99.64	25.47	9	2	0	9
CTSG	20.0	20.00	20.00	0.00	0.00	20.00	20.00	0.00	0	0	11	0
PSME2	1582.02	3037.67	2292.64	-745.03	0.00	921.22	5446.98	1529.92	8	3	0	8
HRAS	105.58	125.87	124.00	-1.87	0.00	80.28	163.78	25.32	6	5	0	6
ETS1	2343.23	2480.67	2451.20	-29.47	0.00	1000.00	3173.08	368.97	6	5	0	6
NFKB1	279.28	624.63	756.62	131.99	0.12	252.48	1270.28	311.25	3	8	0	3
ALAS1	119.2	75.33	71.84	-3.49	-0.14	52.63	102.36	14.37	7	4	0	7
SP4	487.04	468.81	433.06	-35.75	-0.25	305.92	582.10	81.89	8	3	0	8
PLAU	165.18	282.77	241.16	-41.62	0.00	65.74	539.81	161.31	7	4	0	7
RGS6	83.44	51.45	32.13	-19.32	-0.30	20.00	75.06	16.05	10	1	0	10
PTGER2	870.2	2982.05	1622.57	-1359.48	-0.20	595.87	4643.63	1096.68	10	1	0	10
STAT4	2261.49	2861.44	2643.73	-217.71	-0.11	1000.00	3416.09	308.62	9	2	0	9
IL18R1	674.36	825.67	840.44	14.78	0.00	483.09	1303.16	211.19	5	6	0	5
TRAF1	754.4	1587.84	2237.25	649.41	0.33	537.60	4657.04	1049.87	2	9	0	2
RNASE2	20.0	20.00	20.00	0.00	0.00	20.00	20.00	0.00	0	0	11	0
FCGR1A	105.58	47.26	35.72	-11.54	0.00	20.00	75.19	22.77	8	3	0	8
ICOS	112.39	333.54	186.90	-146.64	-0.30	106.20	512.77	108.08	10	1	0	10
RAB3D	168.59	126.32	88.28	-38.04	-0.11	43.13	225.19	52.09	9	2	0	9
CD84	424.03	215.14	157.48	-57.66	-0.11	83.96	317.31	76.71	9	2	0	9
FUT4	112.39	122.78	114.09	-8.69	-0.12	82.64	150.95	19.66	8	3	0	8
MIF	550.05	2061.14	2135.69	74.55	0.00	472.75	3607.92	947.51	5	6	0	5
ADAMTS14	20.0	25.25	21.91	-3.34	0.00	20.00	32.29	4.12	9	2	0	9
CCL20	35.76	160.09	149.25	-10.84	0.00	20.00	463.77	135.96	6	5	0	6
NFATC2	2459.02	2120.67	1822.39	-298.27	-0.22	1000.00	2792.32	413.16	9	2	0	9
CBR1	189.02	156.04	123.04	-33.00	-0.22	66.36	226.96	45.53	9	2	0	9
AIF1	633.49	321.16	298.75	-22.41	0.00	20.00	913.67	286.59	6	5	0	6
CLDN1	20.0	20.00	20.00	0.00	0.00	20.00	20.00	0.00	0	0	11	0
ERCC1	160.08	159.07	168.56	9.48	0.14	92.12	214.78	38.67	4	7	0	4
STAT3	953.64	1723.03	1499.64	-223.40	0.00	984.97	2205.28	326.80	9	2	0	9
CCL22	347.4	1136.17	605.82	-530.35	-0.22	88.35	2487.01	707.54	9	2	0	9
VCAM1	20.0	51.49	44.58	-6.91	0.00	20.00	118.09	28.80	7	4	0	7
IRF1	1221.0	1279.67	1178.33	-101.34	0.00	685.80	2057.06	405.26	7	4	0	7
MMP8	20.0	20.00	20.00	0.00	0.00	20.00	20.00	0.00	0	0	11	0
DES	20.0	20.00	20.00	0.00	0.00	20.00	20.00	0.00	0	0	11	0
NAMPT	890.63	1229.13	1371.45	142.32	0.00	443.61	2184.96	554.95	4	7	0	4
PDGFB	20.0	20.00	20.00	0.00	0.00	20.00	20.00	0.00	0	0	11	0
HLA-DQB1	134.53	220.13	144.81	-75.32	-0.22	53.51	431.68	105.41	9	2	0	9
CCR7	298.01	299.49	267.41	-32.08	-0.14	120.30	463.14	124.72	7	4	0	7
JAK3	275.87	490.70	408.27	-82.43	-0.12	226.51	799.64	180.54	8	3	0	8
PELI1	265.66	646.03	429.35	-216.68	-0.30	281.39	910.87	172.49	10	1	0	10
CD1C	40.87	48.77	33.46	-15.31	0.00	20.00	81.89	19.19	9	2	0	9
PTPN14	20.0	20.00	20.00	0.00	0.00	20.00	20.00	0.00	0	0	11	0
IL21R	294.61	519.11	412.29	-106.82	-0.25	160.17	925.57	234.53	8	3	0	8
TIGIT	812.3	782.44	669.25	-113.18	-0.38	300.76	1227.54	262.88	8	3	0	8
FCF1	1631.4	1409.36	1316.28	-93.07	-0.38	999.12	1719.61	219.57	8	3	0	8
PDGFRA	20.0	20.00	20.00	0.00	0.00	20.00	20.00	0.00	0	0	11	0
SF3A3	335.48	412.20	428.60	16.40	0.25	360.73	476.56	37.50	3	8	0	3
LDLR	49.38	134.58	94.27	-40.31	0.00	20.00	240.08	80.39	8	3	0	8
CXCL16	202.65	124.18	129.13	4.95	0.14	87.92	156.95	20.54	4	7	0	4
IL15	103.88	91.35	81.93	-9.42	0.00	44.95	155.39	37.05	7	4	0	7
TBP	388.27	449.14	466.44	17.31	0.00	327.50	532.30	66.78	4	7	0	4
ADAMTS17	83.44	48.26	46.64	-1.62	0.00	20.68	88.71	20.79	6	5	0	6
MRC2	20.0	52.42	38.72	-13.70	0.00	20.00	104.67	28.48	8	3	0	8
TNC	20.0	21.53	20.28	-1.25	0.00	20.00	23.06	0.88	10	1	0	10
SELE	20.0	20.00	20.00	0.00	0.00	20.00	20.00	0.00	0	0	11	0
DDR2	20.0	31.52	22.90	-8.62	-0.10	20.00	42.05	6.19	10	1	0	10
SPTBN1	1181.83	826.14	855.60	29.46	0.00	247.98	1403.46	369.01	5	6	0	5
CYP1B1	880.41	386.27	418.83	32.56	0.00	160.55	696.03	140.94	4	7	0	4
LAPTM5	6925.8	5384.02	4967.32	-416.69	-0.14	1000.00	8671.14	1769.34	7	4	0	7
CYSLTR1	269.06	203.00	142.98	-60.03	-0.40	97.40	276.37	48.87	10	1	0	10
VAV2	73.23	57.90	49.63	-8.26	-0.25	20.00	87.92	19.41	8	3	0	8
SMARCD3	165.18	133.97	84.18	-49.79	-0.11	20.00	227.45	66.34	9	2	0	9
SERPINB9	1307.85	3310.27	2238.49	-1071.79	-0.40	961.48	4620.23	950.44	10	1	0	10
HIST2H2AA3	931.5	1018.13	1047.86	29.73	0.00	419.67	1637.15	386.12	5	6	0	5
TNFAIP8	451.28	745.86	681.36	-64.49	-0.25	360.91	968.93	160.82	8	3	0	8
KRBA1	20.0	24.62	21.03	-3.58	-0.10	20.00	29.00	2.61	10	1	0	10
TGFB1	1912.39	1837.21	1701.63	-135.58	-0.14	896.40	2583.67	555.98	7	4	0	7
NCF2	580.7	213.14	220.85	7.71	0.00	62.32	366.27	95.56	5	6	0	5
STK17A	3162.33	3649.76	3407.73	-242.03	0.00	1000.00	5100.62	933.36	7	4	0	7
COL15A1	20.0	24.47	21.83	-2.63	-0.11	20.00	30.45	3.35	9	2	0	9
TWISTNB	187.32	340.40	345.82	5.42	0.00	245.66	446.34	68.28	5	6	0	5
KCNAB1	20.0	20.00	20.00	0.00	0.00	20.00	20.00	0.00	0	0	11	0
TIMP3	56.2	49.62	26.02	-23.60	-0.10	20.00	78.47	16.68	10	1	0	10
CTTNBP2	91.96	60.53	34.68	-25.85	-0.30	20.00	92.12	20.49	10	1	0	10
STAT6	1157.99	995.33	895.71	-99.62	0.00	582.22	1276.62	217.60	8	3	0	8
TLK2	529.61	511.75	487.81	-23.94	0.00	353.80	652.26	95.18	7	4	0	7
SOCS1	187.32	1181.74	820.46	-361.28	0.00	102.36	2382.12	736.67	8	3	0	8
MAPK14	1280.6	1112.95	1129.62	16.66	0.00	840.98	1464.25	207.76	5	6	0	5
USP39	384.86	398.78	395.41	-3.37	0.00	337.27	450.71	41.21	6	5	0	6
CTNNB1	2338.12	2471.82	2392.71	-79.11	-0.14	1000.00	2973.39	310.08	7	4	0	7
SKIL	737.37	1476.56	1205.40	-271.16	-0.38	432.99	2297.02	607.96	8	3	0	8
HPGD	34.06	20.00	20.00	0.00	0.00	20.00	20.00	0.00	0	0	11	0
FGF2	20.0	20.00	20.00	0.00	0.00	20.00	20.00	0.00	0	0	11	0
ZNF346	76.63	64.02	62.85	-1.17	0.00	45.42	81.89	13.55	6	5	0	6
FCGR2A	325.26	195.25	163.69	-31.57	-0.12	70.11	279.78	67.52	8	3	0	8
KIF20A	20.0	32.01	24.62	-7.40	0.00	20.00	52.78	9.83	9	2	0	9
CLEC9A	20.0	21.43	20.52	-0.91	0.00	20.00	23.26	1.12	9	2	0	9
ANGPT1	73.23	53.57	37.78	-15.78	-0.22	20.00	95.53	21.89	9	2	0	9
ADORA3	78.33	48.22	29.05	-19.17	-0.30	20.00	71.65	14.20	10	1	0	10
